(0) # (0.01) # 0.9842786/0.1730571/0.03531005/-0.3301563/0.00677596/0.1627725/-0.9866403/1.246924/-0.1764926/0.9713682/0.1590408/-0.4479998/0/0/0/0/0/0/0/0/0/0/0/0/Controller (right)
(0) # (0.02) # 0.9833138/0.1779377/0.03784407/-0.330601/0.008488249/0.1629248/-0.9866019/1.246926/-0.1817195/0.9704605/0.1586958/-0.4481572/0/0/0/0/0/0/0/0/0/0/0/0/Controller (right)
(0) # (0.03) # 0.9818384/0.1872391/0.03057685/-0.3302464/0.000761843/0.1572766/-0.9875542/1.246182/-0.1897177/0.9696419/0.1542776/-0.4484633/0/0/0/0/0/0/0/0/0/0/0/0/Controller (right)
(0) # (0.04) # 0.9792796/0.2011601/0.02336677/-0.3290787/-0.007584539/0.1517346/-0.9883921/1.245575/-0.2023706/0.967735/0.1501163/-0.4489075/0/0/0/0/0/0/0/0/0/0/0/0/Controller (right)
(0) # (0.05) # 0.9788616/0.2033553/0.02183052/-0.3284742/-0.01051672/0.1566433/-0.9875991/1.245708/-0.2042531/0.9664932/0.1554708/-0.4490851/0/0/0/0/0/0/0/0/0/0/0/0/Controller (right)
(0) # (0.05999999) # 0.9761779/0.2162669/0.01747494/-0.3276764/-0.01651686/0.1543763/-0.987874/1.244832/-0.2163422/0.9640521/0.1542708/-0.4494797/0/0/0/0/0/0/0/0/0/0/0/0/Controller (right)
(0) # (0.06999999) # 0.973559/0.2278187/0.01678124/-0.3274695/-0.01931606/0.1552982/-0.9876786/1.244749/-0.2276178/0.9612393/0.1555925/-0.4490739/0/0/0/0/0/0/0/0/0/0/0/0/Controller (right)
(0) # (0.07999999) # 0.974841/0.22134/0.02633893/-0.3283783/-0.006323003/0.1455759/-0.9893268/1.244508/-0.222812/0.9642697/0.1433129/-0.4473387/0/0/0/0/0/0/0/0/0/0/0/0/Controller (right)
(0) # (0.08999999) # 0.9728301/0.2297798/0.02833493/-0.3289751/-0.003724661/0.1379038/-0.9904385/1.244195/-0.2314903/0.9634229/0.1350129/-0.4458116/0/0/0/0/0/0/0/0/0/0/0/0/Controller (right)
(0) # (0.09999999) # 0.9702947/0.2394081/0.03481353/-0.3299018/0.004338786/0.1266581/-0.9919369/1.243554/-0.2418871/0.9626221/0.121857/-0.4443518/0/0/0/0/0/0/0/0/0/0/0/0/Controller (right)
(0) # (0.11) # 0.9679446/0.2473539/0.04358128/-0.3312048/0.01638994/0.1109417/-0.9936917/1.243117/-0.2506285/0.9625527/0.1033313/-0.4426924/0/0/0/0/0/0/0/0/0/0/0/0/Controller (right)
(0) # (0.12) # 0.9672595/0.2492633/0.0477174/-0.332193/0.02152178/0.1067801/-0.9940496/1.243287/-0.2528753/0.9625308/0.09791952/-0.4421417/0/0/0/0/0/0/0/0/0/0/0/0/Controller (right)
(0) # (0.13) # 0.9710132/0.2326373/0.05489246/-0.3344733/0.02622808/0.1245636/-0.9918648/1.243415/-0.2375824/0.9645536/0.1148512/-0.4444281/0/0/0/0/0/0/0/0/0/0/0/0/Controller (right)
(0) # (0.14) # 0.9771461/0.2004959/0.0706184/-0.336666/0.03869785/0.1588782/-0.9865394/1.243438/-0.2090168/0.9667259/0.1474885/-0.4479316/0/0/0/0/0/0/0/0/0/0/0/0/Controller (right)
(0) # (0.15) # 0.9816768/0.1743184/0.07696605/-0.3375663/0.04197092/0.1961887/-0.9796674/1.243449/-0.185874/0.9649471/0.1852776/-0.4527611/0/0/0/0/0/0/0/0/0/0/0/0/Controller (right)
(0) # (0.16) # 0.9759276/0.2041199/0.07681443/-0.3367645/0.03020347/0.2223191/-0.9745059/1.243614/-0.2159934/0.9533672/0.2108022/-0.4571346/0/0/0/0/0/0/0/0/0/0/0/0/Controller (right)
(0) # (0.17) # 0.9750747/0.2032013/0.08909874/-0.3372765/0.03711888/0.2465145/-0.9684279/1.243582/-0.2187499/0.9475968/0.2328274/-0.4612483/0/0/0/0/0/0/0/0/0/0/0/0/Controller (right)
(0) # (0.18) # 0.9790441/0.1765961/0.101423/-0.3374824/0.04858403/0.2811077/-0.9584455/1.242538/-0.1977686/0.943288/0.2666371/-0.4658471/0/0/0/0/0/0/0/0/0/0/0/0/Controller (right)
(0) # (0.19) # 0.98605/0.1157247/0.1196382/-0.3386752/0.0749066/0.3333515/-0.9398221/1.240253/-0.1486422/0.9356733/0.3200327/-0.4727489/0/0/0/0/0/0/0/0/0/0/0/0/Controller (right)
(0) # (0.2) # 0.9826356/0.1222902/0.1395434/-0.3393751/0.080137/0.3985941/-0.9136196/1.237412/-0.1673479/0.9089377/0.3818727/-0.4818531/0/0/0/0/0/0/0/0/0/0/0/0/Controller (right)
(0) # (0.21) # 0.9769476/0.1356731/0.1648214/-0.3404953/0.08936527/0.4412591/-0.8929189/1.23602/-0.193874/0.8870643/0.4189625/-0.4884588/0/0/0/0/0/0/0/0/0/0/0/0/Controller (right)
(0) # (0.22) # 0.9725814/0.1152641/0.201989/-0.3427512/0.1272388/0.4632836/-0.8770282/1.235468/-0.1946681/0.8786822/0.4359149/-0.4919065/0/0/0/0/0/0/0/0/0/0/0/0/Controller (right)
(0) # (0.23) # 0.965408/0.1395802/0.2202381/-0.3431231/0.1266663/0.4872374/-0.8640343/1.235316/-0.2279103/0.8620423/0.4527028/-0.4948612/0/0/0/0/0/0/0/0/0/0/0/0/Controller (right)
(0) # (0.24) # 0.9515374/0.2089098/0.225684/-0.3412409/0.09278882/0.5046251/-0.8583377/1.237058/-0.2932011/0.8376814/0.4607852/-0.4952739/0/0/0/0/0/0/0/0/0/0/0/0/Controller (right)
(0) # (0.25) # 0.939027/0.2222233/0.2623836/-0.3419703/0.1303574/0.4760427/-0.8697069/1.239698/-0.318175/0.8508819/0.4180485/-0.4917456/0/0/0/0/0/0/0/0/0/0/0/0/Controller (right)
(0) # (0.26) # 0.9286618/0.1646837/0.332365/-0.347858/0.2476335/0.3918556/-0.8860738/1.241619/-0.276161/0.9051676/0.3231201/-0.484006/0/0/0/0/0/0/0/0/0/0/0/0/Controller (right)
(0) # (0.27) # 0.9144193/0.2715726/0.3001426/-0.3426523/0.1907656/0.3648528/-0.9113126/1.243502/-0.3569954/0.8905788/0.2818217/-0.4830865/0/0/0/0/0/0/0/0/0/0/0/0/Controller (right)
(0) # (0.28) # 0.9251228/0.286647/0.2489603/-0.336715/0.1322097/0.3714686/-0.918984/1.244548/-0.3559049/0.883088/0.3057566/-0.4832307/0/0/0/0/0/0/0/0/0/0/0/0/Controller (right)
(0) # (0.29) # 0.9355867/0.2466237/0.2526941/-0.3354645/0.1495015/0.3716595/-0.9162524/1.246309/-0.3198857/0.8950117/0.3108491/-0.4825593/0/0/0/0/0/0/0/0/0/0/0/0/Controller (right)
(0) # (0.3) # 0.9357318/0.2702469/0.2266552/-0.3300386/0.1166082/0.3694442/-0.9219075/1.246119/-0.3328791/0.889088/0.3141876/-0.4834958/0/0/0/0/0/0/0/0/0/0/0/0/Controller (right)
(0) # (0.31) # 0.9487139/0.264825/0.1726548/-0.3226689/0.07258184/0.3490894/-0.9342742/1.246871/-0.3076912/0.8988905/0.3119645/-0.4836572/0/0/0/0/0/0/0/0/0/0/0/0/Controller (right)
(0) # (0.32) # 0.9643576/0.1908387/0.1832895/-0.3211758/0.1160522/0.3174691/-0.9411404/1.249482/-0.2377947/0.928867/0.2840064/-0.481383/0/0/0/0/0/0/0/0/0/0/0/0/Controller (right)
(0) # (0.33) # 0.9593225/0.1862633/0.2121469/-0.3184108/0.1539342/0.284807/-0.9461443/1.248457/-0.2366529/0.9403142/0.2445495/-0.4820045/0/0/0/0/0/0/0/0/0/0/0/0/Controller (right)
(0) # (0.3399999) # 0.9527667/0.2326566/0.1952088/-0.3131785/0.1280207/0.2751964/-0.9528261/1.246464/-0.275402/0.9328117/0.2324131/-0.4818827/0/0/0/0/0/0/0/0/0/0/0/0/Controller (right)
(0) # (0.3499999) # 0.9684759/0.1614633/0.1896942/-0.3123244/0.1405247/0.2746518/-0.9512198/1.24536/-0.205687/0.9478903/0.243304/-0.483014/0/0/0/0/0/0/0/0/0/0/0/0/Controller (right)
(0) # (0.3599999) # 0.9765487/0.06518541/0.2051918/-0.315026/0.178985/0.2838773/-0.9420074/1.2428/-0.1196544/0.9566422/0.2655528/-0.4856898/0/0/0/0/0/0/0/0/0/0/0/0/Controller (right)
(0) # (0.3699999) # 0.9766493/0.1044957/0.1877144/-0.3153394/0.1426895/0.3376947/-0.9303772/1.239362/-0.1606106/0.9354371/0.3148989/-0.4909359/0/0/0/0/0/0/0/0/0/0/0/0/Controller (right)
(0) # (0.3799999) # 0.9803034/0.1211884/0.1559444/-0.3153867/0.1012228/0.3697059/-0.9236186/1.2364/-0.1695854/0.9212115/0.3501569/-0.4941128/0/0/0/0/0/0/0/0/0/0/0/0/Controller (right)
(0) # (0.3899999) # 0.9884269/0.06857836/0.135312/-0.3168907/0.0981946/0.3906586/-0.9152833/1.232933/-0.1156294/0.9179776/0.3794034/-0.4965776/0/0/0/0/0/0/0/0/0/0/0/0/Controller (right)
(0) # (0.3999999) # 0.9872449/0.03550288/0.1552001/-0.3218624/0.127958/0.4031/-0.9061661/1.230362/-0.09473266/0.914467/0.3934156/-0.4993736/0/0/0/0/0/0/0/0/0/0/0/0/Controller (right)
(0) # (0.4099999) # 0.9830635/0.04485142/0.1776924/-0.3266774/0.1421719/0.4251842/-0.8938711/1.226713/-0.1156433/0.9039948/0.4116064/-0.5022451/0/0/0/0/0/0/0/0/0/0/0/0/Controller (right)
(0) # (0.4199999) # 0.98375/0.1205881/0.1330201/-0.3229917/0.06727135/0.4393502/-0.8957934/1.227202/-0.1664644/0.8901852/0.4240986/-0.5062627/0/0/0/0/0/0/0/0/0/0/0/0/Controller (right)
(0) # (0.4299999) # 0.9939173/0.0529002/0.09659124/-0.3219379/0.06883939/0.3861792/-0.9198514/1.228329/-0.0859618/0.9209055/0.3801886/-0.5017713/0/0/0/0/0/0/0/0/0/0/0/0/Controller (right)
(0) # (0.4399998) # 0.9905643/0.1215761/0.06325759/-0.3187695/0.01438616/0.3667793/-0.9301966/1.230185/-0.1362913/0.9223297/0.3615695/-0.5011693/0/0/0/0/0/0/0/0/0/0/0/0/Controller (right)
(0) # (0.4499998) # 0.9813311/0.1866294/0.04646472/-0.3168966/-0.01519658/0.3160802/-0.9486107/1.233224/-0.1917252/0.9301949/0.3130154/-0.4971021/0/0/0/0/0/0/0/0/0/0/0/0/Controller (right)
(0) # (0.4599998) # 0.9902115/0.1298393/0.05121457/-0.3176032/0.004822502/0.3348868/-0.942246/1.234546/-0.1394916/0.9332697/0.3309826/-0.4954053/0/0/0/0/0/0/0/0/0/0/0/0/Controller (right)
(0) # (0.4699998) # 0.9897313/0.113076/0.08744017/-0.3207057/0.04026124/0.3664294/-0.9295743/1.235845/-0.1371531/0.9235492/0.358114/-0.4970139/0/0/0/0/0/0/0/0/0/0/0/0/Controller (right)
(0) # (0.4799998) # 0.9954029/0.04771124/0.08304594/-0.3217226/0.06033326/0.3610492/-0.930593/1.236616/-0.07438339/0.9313253/0.3565109/-0.4940244/0/0/0/0/0/0/0/0/0/0/0/0/Controller (right)
(0) # (0.4899998) # 0.9974287/0.05947416/0.0399845/-0.3193489/0.01895011/0.3191963/-0.9474991/1.237029/-0.0691146/0.9458205/0.3172485/-0.4904376/0/0/0/0/0/0/0/0/0/0/0/0/Controller (right)
(0) # (0.4999998) # 0.9947105/0.1026673/0.003217489/-0.3174682/-0.02190292/0.2426057/-0.9698776/1.237205/-0.1003553/0.964677/0.2435712/-0.4834555/0/0/0/0/0/0/0/0/0/0/0/0/Controller (right)
(0) # (0.5099998) # 0.9921088/0.1243245/0.01623016/-0.3208491/-0.003563921/0.1573598/-0.9875348/1.237654/-0.1253288/0.9796842/0.1565612/-0.4760531/0/0/0/0/0/0/0/0/0/0/0/0/Controller (right)
(0) # (0.5199998) # 0.9885107/0.1470389/0.03501746/-0.3250709/0.01896596/0.1091805/-0.9938409/1.237361/-0.1499564/0.9830865/0.1051373/-0.4716896/0/0/0/0/0/0/0/0/0/0/0/0/Controller (right)
(0) # (0.5299998) # 0.9909383/0.1272293/0.0430578/-0.3291547/0.03317116/0.07883009/-0.9963359/1.236447/-0.1301574/0.9887357/0.07389542/-0.4691304/0/0/0/0/0/0/0/0/0/0/0/0/Controller (right)
(0) # (0.5399998) # 0.9936429/0.1047802/0.04117129/-0.3318551/0.03345127/0.07439865/-0.9966673/1.235517/-0.107494/0.9917085/0.07042065/-0.4697143/0/0/0/0/0/0/0/0/0/0/0/0/Controller (right)
(0) # (0.5499998) # 0.9921136/0.1239139/0.01886828/-0.3315033/0.009998657/0.07181484/-0.9973677/1.234125/-0.1249427/0.9896908/0.07000951/-0.4712812/0/0/0/0/0/0/0/0/0/0/0/0/Controller (right)
(0) # (0.5599998) # 0.9930432/0.1156831/0.02196753/-0.3329927/0.01231482/0.08350415/-0.9964312/1.232947/-0.1171047/0.9897698/0.08149861/-0.4728161/0/0/0/0/0/0/0/0/0/0/0/0/Controller (right)
(0) # (0.5699998) # 0.9923375/0.119694/0.03065304/-0.3348765/0.01869239/0.09980021/-0.9948318/1.231277/-0.1221346/0.9877819/0.09679812/-0.474558/0/0/0/0/0/0/0/0/0/0/0/0/Controller (right)
(0) # (0.5799997) # 0.9929923/0.1165577/0.01950885/-0.3347459/0.008190133/0.09680919/-0.9952692/1.229606/-0.1178949/0.9884544/0.09517616/-0.4746131/0/0/0/0/0/0/0/0/0/0/0/0/Controller (right)
(0) # (0.5899997) # 0.9912661/0.1317566/0.005633447/-0.3335345/-0.008091962/0.1034057/-0.9946063/1.22825/-0.1316285/0.9858738/0.1035687/-0.4759957/0/0/0/0/0/0/0/0/0/0/0/0/Controller (right)
(0) # (0.5999997) # 0.9893703/0.1448354/0.01300197/-0.3339552/-0.0003285913/0.09163785/-0.9957923/1.227397/-0.1454174/0.985203/0.09071136/-0.4754149/0/0/0/0/0/0/0/0/0/0/0/0/Controller (right)
(0) # (0.6099997) # 0.9868761/0.1608198/0.01458087/-0.3349378/0.0003055108/0.08843617/-0.9960817/1.226465/-0.1614791/0.9830137/0.08722641/-0.4749137/0/0/0/0/0/0/0/0/0/0/0/0/Controller (right)
(0) # (0.6199997) # 0.9876899/0.1548183/0.02235856/-0.3357025/0.008355415/0.09051563/-0.9958599/1.226087/-0.1562011/0.9837877/0.0881078/-0.4753977/0/0/0/0/0/0/0/0/0/0/0/0/Controller (right)
(0) # (0.6299997) # 0.987168/0.1573416/0.02726026/-0.3363774/0.01309295/0.09038569/-0.9958206/1.225403/-0.1591479/0.9833992/0.08716579/-0.4755012/0/0/0/0/0/0/0/0/0/0/0/0/Controller (right)
(0) # (0.6399997) # 0.9853047/0.1679552/0.03107898/-0.3362947/0.01638726/0.08816259/-0.9959712/1.22573/-0.1700186/0.9818443/0.08411468/-0.4759649/0/0/0/0/0/0/0/0/0/0/0/0/Controller (right)
(0) # (0.6499997) # 0.98493/0.1692872/0.03542333/-0.3362722/0.0204607/0.08932722/-0.995792/1.226261/-0.1717391/0.9815102/0.08451732/-0.4764065/0/0/0/0/0/0/0/0/0/0/0/0/Controller (right)
(0) # (0.6599997) # 0.9829404/0.1824754/0.0230388/-0.3345059/0.006014755/0.09330447/-0.9956194/1.22609/-0.1838257/0.9787731/0.0906152/-0.476786/0/0/0/0/0/0/0/0/0/0/0/0/Controller (right)
(0) # (0.6699997) # 0.9860035/0.1654874/0.02027482/-0.3332243/0.003881359/0.09878994/-0.9951006/1.226382/-0.1666796/0.9812514/0.0967649/-0.4765397/0/0/0/0/0/0/0/0/0/0/0/0/Controller (right)
(0) # (0.6799996) # 0.9865937/0.1613578/0.02442342/-0.3323253/0.005269871/0.1180794/-0.9929901/1.227481/-0.1631106/0.9798064/0.1156461/-0.4776753/0/0/0/0/0/0/0/0/0/0/0/0/Controller (right)
(0) # (0.6899996) # 0.9859148/0.1631986/0.03658304/-0.3319196/0.01449521/0.1345329/-0.990803/1.22852/-0.1666193/0.9773776/0.1302724/-0.4788231/0/0/0/0/0/0/0/0/0/0/0/0/Controller (right)
(0) # (0.6999996) # 0.985791/0.1593449/0.05315354/-0.3320672/0.0315677/0.1350572/-0.9903347/1.229077/-0.1649836/0.977941/0.128108/-0.4779838/0/0/0/0/0/0/0/0/0/0/0/0/Controller (right)
(0) # (0.7099996) # 0.9846247/0.1679897/0.04789048/-0.3314437/0.02640382/0.1278806/-0.9914379/1.229216/-0.1726757/0.9774588/0.1214789/-0.4766937/0/0/0/0/0/0/0/0/0/0/0/0/Controller (right)
(0) # (0.7199996) # 0.9839918/0.1718282/0.04727883/-0.3297728/0.02598911/0.124102/-0.9919289/1.230661/-0.1763087/0.9772786/0.1176497/-0.476719/0/0/0/0/0/0/0/0/0/0/0/0/Controller (right)
(0) # (0.7299996) # 0.9810752/0.1785497/0.0749097/-0.3306938/0.05026307/0.1387708/-0.9890481/1.232255/-0.1869895/0.9740958/0.1271701/-0.4778436/0/0/0/0/0/0/0/0/0/0/0/0/Controller (right)
(0) # (0.7399996) # 0.981757/0.1765965/0.07047472/-0.3307788/0.04519505/0.1432883/-0.9886484/1.230949/-0.1846901/0.9737977/0.132693/-0.4780797/0/0/0/0/0/0/0/0/0/0/0/0/Controller (right)
(0) # (0.7499996) # 0.9828119/0.17325/0.06375828/-0.3290561/0.03880873/0.1437567/-0.9888517/1.231092/-0.1804842/0.9743297/0.1345622/-0.4782411/0/0/0/0/0/0/0/0/0/0/0/0/Controller (right)
(0) # (0.7599996) # 0.9835079/0.1698803/0.06207088/-0.3281078/0.03680506/0.1480249/-0.9882984/1.231074/-0.1770805/0.9742839/0.1393313/-0.4788281/0/0/0/0/0/0/0/0/0/0/0/0/Controller (right)
(0) # (0.7699996) # 0.9818415/0.1782135/0.06501664/-0.3269303/0.03762118/0.1529996/-0.9875098/1.231061/-0.1859351/0.9720241/0.1435168/-0.4795493/0/0/0/0/0/0/0/0/0/0/0/0/Controller (right)
(0) # (0.7799996) # 0.9837922/0.1623506/0.0761262/-0.3276596/0.05196097/0.1482142/-0.9875892/1.230066/-0.1716187/0.9755381/0.1373761/-0.478402/0/0/0/0/0/0/0/0/0/0/0/0/Controller (right)
(0) # (0.7899995) # 0.9835272/0.1663918/0.07062628/-0.3262534/0.0461012/0.146897/-0.9880768/1.229858/-0.1747827/0.9750564/0.1368063/-0.4781793/0/0/0/0/0/0/0/0/0/0/0/0/Controller (right)
(0) # (0.7999995) # 0.9825609/0.1715849/0.07164297/-0.3252998/0.04641565/0.1467665/-0.9880815/1.230085/-0.1800547/0.9741755/0.1362428/-0.478166/0/0/0/0/0/0/0/0/0/0/0/0/Controller (right)
(0) # (0.8099995) # 0.9836599/0.1653415/0.07124177/-0.3251773/0.04802272/0.1404066/-0.9889285/1.229323/-0.1735138/0.9761905/0.1301722/-0.4769529/0/0/0/0/0/0/0/0/0/0/0/0/Controller (right)
(0) # (0.8199995) # 0.9835483/0.1728173/0.052603/-0.3237389/0.02868339/0.1380977/-0.990003/1.228015/-0.178354/0.9752246/0.1308688/-0.4767939/0/0/0/0/0/0/0/0/0/0/0/0/Controller (right)
(0) # (0.8299995) # 0.9847328/0.1685607/0.04345786/-0.3229628/0.02059671/0.1350734/-0.9906214/1.22679/-0.1728498/0.9763925/0.1295394/-0.4769374/0/0/0/0/0/0/0/0/0/0/0/0/Controller (right)
(0) # (0.8399995) # 0.9851224/0.1686912/0.03281724/-0.3223163/0.01039622/0.1321129/-0.9911801/1.225654/-0.1715389/0.9767749/0.1283937/-0.4771589/0/0/0/0/0/0/0/0/0/0/0/0/Controller (right)
(0) # (0.8499995) # 0.9850481/0.1691064/0.03291366/-0.321871/0.00970384/0.1362829/-0.9906223/1.225354/-0.1720062/0.97613/0.1326042/-0.4779783/0/0/0/0/0/0/0/0/0/0/0/0/Controller (right)
(0) # (0.8599995) # 0.9847211/0.1694581/0.04010516/-0.321946/0.01531899/0.1451155/-0.989296/1.225306/-0.1734641/0.974795/0.1403024/-0.479201/0/0/0/0/0/0/0/0/0/0/0/0/Controller (right)
(0) # (0.8699995) # 0.986807/0.1554457/0.0452601/-0.3228584/0.02162472/0.1504994/-0.9883735/1.223609/-0.1604501/0.9763126/0.1451524/-0.4799639/0/0/0/0/0/0/0/0/0/0/0/0/Controller (right)
(0) # (0.8799995) # 0.9853183/0.1668298/0.03627067/-0.3222753/0.01122385/0.1486913/-0.9888198/1.222964/-0.1703577/0.9747095/0.1446358/-0.4803792/0/0/0/0/0/0/0/0/0/0/0/0/Controller (right)
(0) # (0.8899994) # 0.9843143/0.1743653/0.02687402/-0.3215868/0.002472283/0.138679/-0.9903342/1.222741/-0.1764067/0.9748665/0.1360726/-0.4796768/0/0/0/0/0/0/0/0/0/0/0/0/Controller (right)
(0) # (0.8999994) # 0.9851092/0.1702106/0.02425619/-0.3205397/0.001837482/0.1306508/-0.9914266/1.223403/-0.1719204/0.9767081/0.1283925/-0.4790126/0/0/0/0/0/0/0/0/0/0/0/0/Controller (right)
(0) # (0.9099994) # 0.9850162/0.1678832/0.03947484/-0.3213934/0.01690045/0.1338246/-0.9908608/1.22354/-0.1716316/0.9766812/0.1289821/-0.4788896/0/0/0/0/0/0/0/0/0/0/0/0/Controller (right)
(0) # (0.9199994) # 0.9849585/0.1684579/0.03845354/-0.3214371/0.01521986/0.137097/-0.9904406/1.223231/-0.1721193/0.9761282/0.1324709/-0.4791063/0/0/0/0/0/0/0/0/0/0/0/0/Controller (right)
(0) # (0.9299994) # 0.9850947/0.1690134/0.03198256/-0.3204008/0.008413235/0.1383676/-0.9903451/1.222921/-0.1718069/0.9758528/0.1348832/-0.4794742/0/0/0/0/0/0/0/0/0/0/0/0/Controller (right)
(0) # (0.9399994) # 0.9837093/0.1747355/0.04223144/-0.3198552/0.01763625/0.1399835/-0.9899967/1.223335/-0.1788993/0.9746138/0.1346214/-0.4795128/0/0/0/0/0/0/0/0/0/0/0/0/Controller (right)
(0) # (0.9499994) # 0.9847213/0.1654537/0.05430482/-0.3203889/0.03077788/0.1415758/-0.9894487/1.222893/-0.1713962/0.9760026/0.1343204/-0.4792155/0/0/0/0/0/0/0/0/0/0/0/0/Controller (right)
(0) # (0.9599994) # 0.9850045/0.1646462/0.05155341/-0.3204224/0.02805364/0.1419874/-0.9894708/1.222086/-0.1702325/0.9760794/0.1352393/-0.4788543/0/0/0/0/0/0/0/0/0/0/0/0/Controller (right)
(0) # (0.9699994) # 0.9838942/0.1759896/0.031301/-0.3188288/0.007176403/0.1360776/-0.9906721/1.22106/-0.1786074/0.9749412/0.132623/-0.4788309/0/0/0/0/0/0/0/0/0/0/0/0/Controller (right)
(0) # (0.9799994) # 0.9837337/0.1752121/0.03961017/-0.3183491/0.0161195/0.1335131/-0.9909158/1.221313/-0.1789089/0.9754357/0.1285169/-0.4786171/0/0/0/0/0/0/0/0/0/0/0/0/Controller (right)
(0) # (0.9899994) # 0.9840028/0.1674601/0.06079288/-0.3201556/0.03689032/0.1423154/-0.9891336/1.220785/-0.1742922/0.9755528/0.1338611/-0.479117/0/0/0/0/0/0/0/0/0/0/0/0/Controller (right)
(0) # (0.9999993) # 0.9830787/0.1734337/0.05896783/-0.3205763/0.03104926/0.1594869/-0.9867116/1.21956/-0.1805336/0.9718459/0.1514032/-0.4811245/0/0/0/0/0/0/0/0/0/0/0/0/Controller (right)
(0) # (1.009999) # 0.983887/0.1707886/0.05289169/-0.3199301/0.02500429/0.1614826/-0.9865586/1.219426/-0.1770341/0.9719848/0.1546102/-0.4819521/0/0/0/0/0/0/0/0/0/0/0/0/Controller (right)
(0) # (1.019999) # 0.9844671/0.1638985/0.06294253/-0.3201442/0.03612519/0.1617354/-0.9861726/1.220062/-0.1718122/0.9731283/0.1533023/-0.482011/0/0/0/0/0/0/0/0/0/0/0/0/Controller (right)
(0) # (1.029999) # 0.9846395/0.1618567/0.06547839/-0.320924/0.03819106/0.1662827/-0.9853382/1.220054/-0.1703716/0.9727036/0.157547/-0.4821955/0/0/0/0/0/0/0/0/0/0/0/0/Controller (right)
(0) # (1.039999) # 0.9842219/0.1669855/0.05850714/-0.3205262/0.03182236/0.1582172/-0.9868913/1.220531/-0.1740533/0.9731819/0.150407/-0.4816767/0/0/0/0/0/0/0/0/0/0/0/0/Controller (right)
(0) # (1.049999) # 0.9845758/0.1657016/0.05615573/-0.3205331/0.0303497/0.1543443/-0.9875508/1.221207/-0.1723061/0.9740229/0.1469347/-0.4810196/0/0/0/0/0/0/0/0/0/0/0/0/Controller (right)
(0) # (1.059999) # 0.983595/0.1712046/0.05683186/-0.3202264/0.0304618/0.1528872/-0.987774/1.221913/-0.1778003/0.9733007/0.1451639/-0.4806322/0/0/0/0/0/0/0/0/0/0/0/0/Controller (right)
(0) # (1.069999) # 0.9834425/0.1704532/0.06153596/-0.3206863/0.0349899/0.1545744/-0.9873613/1.222704/-0.1778108/0.9731661/0.1460509/-0.4804798/0/0/0/0/0/0/0/0/0/0/0/0/Controller (right)
(0) # (1.079999) # 0.9797754/0.1878275/0.06899983/-0.320801/0.03823718/0.1627299/-0.9859294/1.223372/-0.196413/0.9686278/0.1522568/-0.4811708/0/0/0/0/0/0/0/0/0/0/0/0/Controller (right)
(0) # (1.089999) # 0.9781744/0.1970056/0.06605716/-0.3204581/0.03144664/0.1738902/-0.9842627/1.22355/-0.205392/0.9648579/0.1638998/-0.4821991/0/0/0/0/0/0/0/0/0/0/0/0/Controller (right)
(0) # (1.099999) # 0.9816548/0.1807946/0.06055758/-0.3203448/0.02799276/0.1775085/-0.983721/1.223021/-0.188601/0.9673696/0.1691911/-0.481943/0/0/0/0/0/0/0/0/0/0/0/0/Controller (right)
(0) # (1.109999) # 0.9825056/0.1786141/0.05272308/-0.3197364/0.02086536/0.175745/-0.9842145/1.222845/-0.1850604/0.9680964/0.1689436/-0.4816104/0/0/0/0/0/0/0/0/0/0/0/0/Controller (right)
(0) # (1.119999) # 0.9828596/0.1793299/0.04275391/-0.3188695/0.01126083/0.1730785/-0.9848436/1.222883/-0.1840116/0.9684443/0.1680924/-0.4815828/0/0/0/0/0/0/0/0/0/0/0/0/Controller (right)
(0) # (1.129999) # 0.9832942/0.1778794/0.03861783/-0.3183937/0.008091494/0.169234/-0.9855426/1.222897/-0.1818432/0.9693909/0.1649675/-0.4813682/0/0/0/0/0/0/0/0/0/0/0/0/Controller (right)
(0) # (1.139999) # 0.9848971/0.1683354/0.04050812/-0.3191839/0.01360352/0.1580027/-0.9873449/1.222852/-0.1726055/0.9729842/0.1533265/-0.4800993/0/0/0/0/0/0/0/0/0/0/0/0/Controller (right)
(0) # (1.149999) # 0.9862559/0.1612691/0.03593703/-0.3197889/0.01112982/0.1521648/-0.9882923/1.222781/-0.1648494/0.9751092/0.1482786/-0.4795984/0/0/0/0/0/0/0/0/0/0/0/0/Controller (right)
(0) # (1.159999) # 0.9865672/0.1613419/0.0255734/-0.3204073/0.001042036/0.1503314/-0.988635/1.222844/-0.1633527/0.9753815/0.1481439/-0.4795192/0/0/0/0/0/0/0/0/0/0/0/0/Controller (right)
(0) # (1.169999) # 0.9884506/0.1485236/0.03010203/-0.3216683/0.007754637/0.1488043/-0.9888362/1.223567/-0.1513448/0.9776492/0.1459339/-0.4791929/0/0/0/0/0/0/0/0/0/0/0/0/Controller (right)
(0) # (1.179999) # 0.9886451/0.1426347/0.04728912/-0.3237665/0.02571485/0.1494676/-0.9884321/1.224517/-0.1480529/0.9784245/0.1441025/-0.479297/0/0/0/0/0/0/0/0/0/0/0/0/Controller (right)
(0) # (1.189999) # 0.9863392/0.1577641/0.04738706/-0.3248976/0.02370538/0.1487348/-0.9885929/1.225095/-0.1630126/0.9762112/0.1429631/-0.4798216/0/0/0/0/0/0/0/0/0/0/0/0/Controller (right)
(0) # (1.199999) # 0.9843895/0.1722311/0.03624441/-0.3246411/0.01037751/0.1487746/-0.9888166/1.225362/-0.1756972/0.9737568/0.1446648/-0.4805082/0/0/0/0/0/0/0/0/0/0/0/0/Controller (right)
(0) # (1.209999) # 0.985181/0.1701621/0.02152594/-0.3235921/-0.005287069/0.1555711/-0.9878104/1.227829/-0.1714368/0.9730582/0.1541653/-0.4822942/0/0/0/0/0/0/0/0/0/0/0/0/Controller (right)
(0) # (1.219999) # 0.9851156/0.1704825/0.021975/-0.3231456/-0.005353897/0.1582108/-0.9873908/1.230237/-0.1718095/0.9725764/0.1567686/-0.4834899/0/0/0/0/0/0/0/0/0/0/0/0/Controller (right)
(0) # (1.229999) # 0.9847494/0.172963/0.01876938/-0.3218725/-0.008986357/0.1583072/-0.9873489/1.232488/-0.1737461/0.9721227/0.1574472/-0.4845461/0/0/0/0/0/0/0/0/0/0/0/0/Controller (right)
(0) # (1.239999) # 0.9868078/0.1607354/0.01935309/-0.3202104/-0.005829548/0.1547408/-0.9879378/1.234649/-0.1617913/0.9747919/0.1536365/-0.4849313/0/0/0/0/0/0/0/0/0/0/0/0/Controller (right)
(0) # (1.249999) # 0.9879517/0.1531925/0.02198725/-0.3183827/-0.002003991/0.1547224/-0.9879559/1.236309/-0.1547494/0.9760087/0.1531653/-0.485907/0/0/0/0/0/0/0/0/0/0/0/0/Controller (right)
(0) # (1.259999) # 0.9902259/0.137231/0.02490499/-0.3166597/0.003166359/0.1564005/-0.9876885/1.237292/-0.1394366/0.9781137/0.1544373/-0.4875146/0/0/0/0/0/0/0/0/0/0/0/0/Controller (right)
(0) # (1.269999) # 0.9907371/0.1329133/0.02782339/-0.3154853/0.005728438/0.1638043/-0.9864761/1.237566/-0.1356734/0.9774978/0.1615255/-0.4896299/0/0/0/0/0/0/0/0/0/0/0/0/Controller (right)
(0) # (1.279999) # 0.9920246/0.1203468/0.03746733/-0.3150423/0.01653025/0.1704686/-0.9852244/1.237827/-0.1249556/0.9779862/0.1671197/-0.4916359/0/0/0/0/0/0/0/0/0/0/0/0/Controller (right)
(0) # (1.289999) # 0.9916017/0.1180546/0.05281358/-0.3136262/0.03057987/0.1827622/-0.9826814/1.237748/-0.1256624/0.9760435/0.1776172/-0.4961506/0/0/0/0/0/0/0/0/0/0/0/0/Controller (right)
(0) # (1.299999) # 0.9927024/0.1070522/0.05551299/-0.3118455/0.03560521/0.1796224/-0.983091/1.23761/-0.1152134/0.9778934/0.1745/-0.4979166/0/0/0/0/0/0/0/0/0/0/0/0/Controller (right)
(0) # (1.309999) # 0.9928198/0.1043499/0.05848002/-0.3100255/0.03983605/0.1725515/-0.9841945/1.236874/-0.1127914/0.9794575/0.1671556/-0.4984068/0/0/0/0/0/0/0/0/0/0/0/0/Controller (right)
(0) # (1.319999) # 0.9917135/0.1052759/0.07362881/-0.3093082/0.05473708/0.1722414/-0.9835327/1.23632/-0.1162242/0.979413/0.1650517/-0.4993104/0/0/0/0/0/0/0/0/0/0/0/0/Controller (right)
(0) # (1.329999) # 0.9911935/0.1034437/0.08267282/-0.3091822/0.0636293/0.1754681/-0.9824266/1.235023/-0.1161322/0.9790353/0.1673408/-0.5001644/0/0/0/0/0/0/0/0/0/0/0/0/Controller (right)
(0) # (1.339999) # 0.9902835/0.1166935/0.07563811/-0.3081403/0.05501886/0.1707607/-0.9837751/1.233423/-0.1277161/0.9783779/0.1626812/-0.5007223/0/0/0/0/0/0/0/0/0/0/0/0/Controller (right)
(0) # (1.349999) # 0.9906706/0.1222702/0.06018086/-0.3068841/0.03867246/0.1712179/-0.9844738/1.231987/-0.1306759/0.9776166/0.164892/-0.5014685/0/0/0/0/0/0/0/0/0/0/0/0/Controller (right)
(0) # (1.359999) # 0.9911275/0.1225182/0.051533/-0.3064648/0.02964525/0.1741788/-0.9842676/1.231388/-0.1295667/0.9770623/0.1690013/-0.5024339/0/0/0/0/0/0/0/0/0/0/0/0/Controller (right)
(0) # (1.369999) # 0.990406/0.1238775/0.06124037/-0.3079436/0.03872973/0.1765723/-0.9835253/1.231743/-0.13265/0.9764612/0.1700805/-0.5033473/0/0/0/0/0/0/0/0/0/0/0/0/Controller (right)
(0) # (1.379999) # 0.9899296/0.1258384/0.06483894/-0.3099808/0.04184083/0.1774702/-0.9832363/1.232206/-0.1352358/0.9760476/0.1704178/-0.5041279/0/0/0/0/0/0/0/0/0/0/0/0/Controller (right)
(0) # (1.389999) # 0.9867406/0.1544796/0.04978876/-0.3103242/0.02246693/0.1738043/-0.9845238/1.232715/-0.1607423/0.9725883/0.1680291/-0.5050009/0/0/0/0/0/0/0/0/0/0/0/0/Controller (right)
(0) # (1.399999) # 0.9843968/0.171519/0.03929589/-0.3105838/0.008715881/0.1755171/-0.9844377/1.233171/-0.1757469/0.9694198/0.1712835/-0.5055712/0/0/0/0/0/0/0/0/0/0/0/0/Controller (right)
(0) # (1.409999) # 0.985859/0.1634874/0.03679485/-0.3112196/0.006909654/0.1797258/-0.9836924/1.234068/-0.1674343/0.9700363/0.1760547/-0.5059835/0/0/0/0/0/0/0/0/0/0/0/0/Controller (right)
(0) # (1.419999) # 0.9823079/0.1851198/0.02831839/-0.3117729/-0.006042615/0.1824667/-0.9831933/1.234094/-0.1871757/0.9656275/0.1803571/-0.5064038/0/0/0/0/0/0/0/0/0/0/0/0/Controller (right)
(0) # (1.429999) # 0.9789661/0.2040144/0.001859844/-0.3106421/-0.03702466/0.1866133/-0.9817354/1.233649/-0.2006353/0.9610169/0.1902417/-0.5070502/0/0/0/0/0/0/0/0/0/0/0/0/Controller (right)
(0) # (1.439999) # 0.982922/0.1839109/0.00640776/-0.3105701/-0.02731532/0.1802462/-0.9832421/1.23442/-0.1819839/0.9662753/0.1821916/-0.5060354/0/0/0/0/0/0/0/0/0/0/0/0/Controller (right)
(0) # (1.449999) # 0.9816903/0.1901375/0.01148694/-0.3109996/-0.0237011/0.1817605/-0.9830571/1.234589/-0.1890039/0.9647853/0.182939/-0.5053746/0/0/0/0/0/0/0/0/0/0/0/0/Controller (right)
(0) # (1.459999) # 0.9798563/0.1995361/0.008189701/-0.3110866/-0.0291254/0.1833557/-0.982615/1.233783/-0.1975688/0.9625829/0.1854738/-0.5053784/0/0/0/0/0/0/0/0/0/0/0/0/Controller (right)
(0) # (1.469999) # 0.9801494/0.1981151/0.007587608/-0.3110205/-0.02961843/0.1841605/-0.9824497/1.233257/-0.1960355/0.9627228/0.1863726/-0.504959/0/0/0/0/0/0/0/0/0/0/0/0/Controller (right)
(0) # (1.479999) # 0.9808267/0.1944599/0.01282481/-0.3115687/-0.02370315/0.184357/-0.9825734/1.233024/-0.1934355/0.9634302/0.1854316/-0.5043217/0/0/0/0/0/0/0/0/0/0/0/0/Controller (right)
(0) # (1.489999) # 0.9804951/0.1962248/0.01118694/-0.3118869/-0.02547877/0.183338/-0.9827196/1.232471/-0.194885/0.9632667/0.1847616/-0.5038458/0/0/0/0/0/0/0/0/0/0/0/0/Controller (right)
(0) # (1.499999) # 0.9800404/0.1987496/0.004415501/-0.312009/-0.03277341/0.1834341/-0.9824854/1.231871/-0.1960786/0.9627306/0.1862866/-0.503569/0/0/0/0/0/0/0/0/0/0/0/0/Controller (right)
(2) # (1.509999) # 0.9800218/0.1988875/-0.0009603389/-0.3122697/-0.04265647/0.2054698/-0.9777333/1.231442/-0.1942616/0.958241/0.2098487/-0.5044643/2/2/0/0/0/0/0/0/0/0/0/0/Controller (right)
(2) # (1.519999) # 0.9821374/0.1876175/0.01434813/-0.3140945/-0.02600335/0.2108518/-0.977172/1.232082/-0.1863599/0.959344/0.2119642/-0.5039467/2/2/0/0/0/0/0/0/0/0/0/0/Controller (right)
(2) # (1.529999) # 0.9727538/0.2306468/0.02349821/-0.3148501/-0.02169551/0.1914714/-0.9812583/1.233109/-0.2308233/0.9540129/0.1912585/-0.5021974/2/2/0/0/0/0/0/0/0/0/0/0/Controller (right)
(2) # (1.539999) # 0.9749371/0.2201954/0.03180538/-0.3156695/-0.01170426/0.193523/-0.9810258/1.234069/-0.2221724/0.9560663/0.19125/-0.5008739/2/2/0/0/0/0/0/0/0/0/0/0/Controller (right)
(2) # (1.549999) # 0.9870104/0.1545792/0.04377116/-0.3169316/0.009800853/0.2140094/-0.9767823/1.233542/-0.1603576/0.9645233/0.2097145/-0.5015038/2/2/0/0/0/0/0/0/0/0/0/0/Controller (right)
(0) # (1.559999) # 0.9904325/0.1282851/0.05085605/-0.3176098/0.02251797/0.2133487/-0.9767165/1.232817/-0.1361482/0.9685169/0.2084188/-0.5007523/0/0/0/0/0/0/0/0/0/0/0/0/Controller (right)
(0) # (1.569999) # 0.9887226/0.1452796/0.03635371/-0.3166337/0.006757075/0.1992247/-0.9799305/1.232712/-0.1496064/0.969125/0.1959963/-0.4996256/0/0/0/0/0/0/0/0/0/0/0/0/Controller (right)
(0) # (1.579999) # 0.9837546/0.1794197/0.005956572/-0.3135883/-0.02823515/0.1874104/-0.9818757/1.232463/-0.1772842/0.9657566/0.1894318/-0.4992136/0/0/0/0/0/0/0/0/0/0/0/0/Controller (right)
(0) # (1.589999) # 0.9865198/0.1635095/0.006578643/-0.3131362/-0.02680831/0.2011428/-0.9791949/1.232355/-0.1614309/0.9658189/0.2028148/-0.5003217/0/0/0/0/0/0/0/0/0/0/0/0/Controller (right)
(0) # (1.599999) # 0.9881465/0.1521787/0.02020471/-0.314539/-0.01294569/0.2137505/-0.9768024/1.232155/-0.1529673/0.9649622/0.2131869/-0.5012411/0/0/0/0/0/0/0/0/0/0/0/0/Controller (right)
(0) # (1.609999) # 0.9868164/0.1608076/0.01828501/-0.3148156/-0.01730714/0.2171835/-0.9759772/1.232088/-0.1609158/0.9627939/0.2171033/-0.5018209/0/0/0/0/0/0/0/0/0/0/0/0/Controller (right)
(0) # (1.619999) # 0.9855438/0.1694017/0.002550162/-0.3133907/-0.03327029/0.2082751/-0.9775041/1.232246/-0.166122/0.9632883/0.2109003/-0.5015365/0/0/0/0/0/0/0/0/0/0/0/0/Controller (right)
(0) # (1.629999) # 0.9864725/0.1638688/0.004350252/-0.3131564/-0.02891961/0.2000922/-0.9793501/1.232553/-0.1613553/0.9659761/0.2021245/-0.5006877/0/0/0/0/0/0/0/0/0/0/0/0/Controller (right)
(0) # (1.639999) # 0.9863873/0.1639459/0.01272242/-0.3141155/-0.02218841/0.2093597/-0.9775868/1.232537/-0.1629349/0.9639969/0.2101475/-0.5015808/0/0/0/0/0/0/0/0/0/0/0/0/Controller (right)
(0) # (1.649999) # 0.9859702/0.1665322/0.01139178/-0.3141156/-0.02443233/0.2114917/-0.9770743/1.232341/-0.1651237/0.9630878/0.2125933/-0.5018946/0/0/0/0/0/0/0/0/0/0/0/0/Controller (right)
(0) # (1.659999) # 0.9868435/0.1615358/0.006795283/-0.3136306/-0.02780642/0.2109766/-0.9770954/1.232074/-0.1592695/0.9640513/0.2126926/-0.501814/0/0/0/0/0/0/0/0/0/0/0/0/Controller (right)
(0) # (1.669999) # 0.9871473/0.1595618/0.00895486/-0.3139229/-0.02452143/0.2065984/-0.9781184/1.232276/-0.1579204/0.9653274/0.2078558/-0.5014375/0/0/0/0/0/0/0/0/0/0/0/0/Controller (right)
(0) # (1.679999) # 0.9871523/0.1593814/0.01130363/-0.314369/-0.02274726/0.2102074/-0.9773921/1.232284/-0.1581542/0.9645778/0.2111322/-0.5016929/0/0/0/0/0/0/0/0/0/0/0/0/Controller (right)
(0) # (1.689999) # 0.9873551/0.1583118/0.008203916/-0.3142704/-0.02636694/0.2150354/-0.9762502/1.232285/-0.1563161/0.9636893/0.2164905/-0.502365/0/0/0/0/0/0/0/0/0/0/0/0/Controller (right)
(0) # (1.699999) # 0.9868697/0.1613836/0.006607253/-0.3141339/-0.02781574/0.2101062/-0.9772827/1.232528/-0.1591056/0.9642668/0.2118365/-0.5018162/0/0/0/0/0/0/0/0/0/0/0/0/Controller (right)
(0) # (1.709999) # 0.9876265/0.1564026/0.01149125/-0.3145275/-0.02143748/0.2072302/-0.9780572/1.23285/-0.155352/0.9657089/0.208019/-0.5011467/0/0/0/0/0/0/0/0/0/0/0/0/Controller (right)
(0) # (1.719999) # 0.9879597/0.1542713/0.0116582/-0.3146091/-0.02099923/0.2083737/-0.9778237/1.232792/-0.1532794/0.9658056/0.2091044/-0.5011367/0/0/0/0/0/0/0/0/0/0/0/0/Controller (right)
(0) # (1.729999) # 0.9884712/0.1513789/0.00305048/-0.3137642/-0.02877852/0.2076214/-0.9777858/1.232687/-0.1486495/0.9664252/0.2095842/-0.5011491/0/0/0/0/0/0/0/0/0/0/0/0/Controller (right)
(0) # (1.739999) # 0.9885588/0.1508354/0.0004987679/-0.3132953/-0.03111803/0.2071778/-0.9778082/1.232662/-0.1475913/0.9666053/0.2095011/-0.5010771/0/0/0/0/0/0/0/0/0/0/0/0/Controller (right)
(0) # (1.749999) # 0.9897186/0.1429791/0.003750287/-0.3135634/-0.02661417/0.2098627/-0.9773685/1.232609/-0.1405303/0.9672199/0.2115103/-0.5012115/0/0/0/0/0/0/0/0/0/0/0/0/Controller (right)
(0) # (1.759999) # 0.9914164/0.1307231/0.002237916/-0.3136531/-0.02622305/0.2155893/-0.9761319/1.232294/-0.1280854/0.9676945/0.2171667/-0.5015885/0/0/0/0/0/0/0/0/0/0/0/0/Controller (right)
(0) # (1.769999) # 0.9921256/0.1246543/-0.01216705/-0.3134794/-0.04009658/0.224086/-0.9737441/1.231114/-0.1186549/0.9665644/0.2273197/-0.5024849/0/0/0/0/0/0/0/0/0/0/0/0/Controller (right)
(0) # (1.779999) # 0.9858235/0.1569732/-0.05925763/-0.3114046/-0.09310618/0.2179826/-0.9715012/1.229538/-0.1395825/0.963246/0.2295075/-0.5031015/0/0/0/0/0/0/0/0/0/0/0/0/Controller (right)
(0) # (1.789999) # 0.9872293/0.1496062/-0.0547382/-0.3131277/-0.08496033/0.2037885/-0.9753214/1.229648/-0.1347591/0.9675165/0.2138965/-0.5016872/0/0/0/0/0/0/0/0/0/0/0/0/Controller (right)
(0) # (1.799999) # 0.9902559/0.1333583/-0.04011071/-0.3174313/-0.06882203/0.2182477/-0.9734635/1.229391/-0.1210654/0.9667385/0.225299/-0.5017058/0/0/0/0/0/0/0/0/0/0/0/0/Controller (right)
(0) # (1.809999) # 0.9920816/0.1196724/-0.0381119/-0.3198441/-0.06553044/0.2343505/-0.969941/1.228678/-0.1071436/0.9647581/0.2403371/-0.5030605/0/0/0/0/0/0/0/0/0/0/0/0/Controller (right)
(0) # (1.819999) # 0.9929888/0.1107765/-0.04125496/-0.3218351/-0.06681689/0.2380902/-0.9689419/1.228236/-0.09751356/0.9649049/0.2438226/-0.5026616/0/0/0/0/0/0/0/0/0/0/0/0/Controller (right)
(0) # (1.829999) # 0.9935408/0.1028577/-0.04792818/-0.3237323/-0.07173682/0.2420619/-0.9676051/1.228012/-0.087924/0.9647933/0.2478771/-0.5019127/0/0/0/0/0/0/0/0/0/0/0/0/Controller (right)
(0) # (1.839999) # 0.9937131/0.09475857/-0.0596241/-0.3250899/-0.08135585/0.2453202/-0.9660223/1.22817/-0.0769119/0.9647998/0.2514871/-0.5011173/0/0/0/0/0/0/0/0/0/0/0/0/Controller (right)
(0) # (1.849999) # 0.9946401/0.0824493/-0.0623959/-0.3262576/-0.08140457/0.2523458/-0.9642068/1.228643/-0.06375282/0.964118/0.2577049/-0.4999903/0/0/0/0/0/0/0/0/0/0/0/0/Controller (right)
(0) # (1.859999) # 0.9965999/0.03711317/-0.07356198/-0.3277147/-0.08087316/0.2698794/-0.9594918/1.229357/-0.01575692/0.9621785/0.2719632/-0.4985007/0/0/0/0/0/0/0/0/0/0/0/0/Controller (right)
(0) # (1.869999) # 0.9965855/-0.01638627/-0.08092444/-0.3293021/-0.07243503/0.2968999/-0.9521573/1.229635/0.03962877/0.9547679/0.2946993/-0.4973809/0/0/0/0/0/0/0/0/0/0/0/0/Controller (right)
(0) # (1.879999) # 0.994291/-0.06934966/-0.08109268/-0.3319603/-0.05369744/0.3315305/-0.9419151/1.230448/0.09220619/0.9408922/0.3259138/-0.4973284/0/0/0/0/0/0/0/0/0/0/0/0/Controller (right)
(0) # (1.889999) # 0.9927807/-0.1025477/-0.06221189/-0.3358713/-0.02306415/0.3457812/-0.9380316/1.231691/0.1177047/0.9326946/0.3409197/-0.4958583/0/0/0/0/0/0/0/0/0/0/0/0/Controller (right)
(0) # (1.899999) # 0.9898463/-0.1309294/-0.05533421/-0.3395135/-0.00534998/0.3546947/-0.9349668/1.23327/0.1420414/0.9257694/0.3503928/-0.4939457/0/0/0/0/0/0/0/0/0/0/0/0/Controller (right)
(0) # (1.909999) # 0.987511/-0.1490586/-0.05102445/-0.342761/0.006133711/0.3599902/-0.9329358/1.234085/0.1574305/0.9209715/0.3564086/-0.4917411/0/0/0/0/0/0/0/0/0/0/0/0/Controller (right)
(0) # (1.919999) # 0.9868917/-0.1543416/-0.04715475/-0.3456478/0.01227059/0.3631054/-0.9316672/1.235059/0.1609172/0.9188759/0.3602395/-0.4894742/0/0/0/0/0/0/0/0/0/0/0/0/Controller (right)
(0) # (1.929999) # 0.9837619/-0.1723902/-0.04994079/-0.348747/0.01692588/0.3661259/-0.9304113/1.236421/0.1786784/0.914458/0.3630986/-0.4864432/0/0/0/0/0/0/0/0/0/0/0/0/Controller (right)
(0) # (1.939999) # 0.984654/-0.1621998/-0.06440216/-0.3515535/-1.668729E-05/0.3689419/-0.9294524/1.237569/0.1745177/0.9151901/0.3632775/-0.4832639/0/0/0/0/0/0/0/0/0/0/0/0/Controller (right)
(0) # (1.949998) # 0.9864881/-0.1485048/-0.06919317/-0.3556299/-0.009756687/0.3683378/-0.9296407/1.239452/0.1635426/0.9177545/0.361912/-0.4793445/0/0/0/0/0/0/0/0/0/0/0/0/Controller (right)
(0) # (1.959998) # 0.9863523/-0.149865/-0.06818791/-0.3608611/-0.00857884/0.3668015/-0.9302596/1.241639/0.1644248/0.9181487/0.3605098/-0.4751736/0/0/0/0/0/0/0/0/0/0/0/0/Controller (right)
(0) # (1.969998) # 0.9881712/-0.1413866/-0.05939376/-0.3667805/-0.004397926/0.3610092/-0.9325518/1.243908/0.153292/0.921782/0.356117/-0.4704005/0/0/0/0/0/0/0/0/0/0/0/0/Controller (right)
(0) # (1.979998) # 0.9902092/-0.1220967/-0.06766302/-0.3711327/-0.01838873/0.3664021/-0.9302748/1.24525/0.1383754/0.9224108/0.3605695/-0.4662861/0/0/0/0/0/0/0/0/0/0/0/0/Controller (right)
(0) # (1.989998) # 0.9909925/-0.1093404/-0.07731996/-0.3746624/-0.03218541/0.3659854/-0.9300638/1.246747/0.1299915/0.9241748/0.3591697/-0.4617461/0/0/0/0/0/0/0/0/0/0/0/0/Controller (right)
(0) # (1.999998) # 0.9903666/-0.1184865/-0.07165804/-0.3788186/-0.02305661/0.3691672/-0.9290769/1.247706/0.1365369/0.9217789/0.362879/-0.4571308/0/0/0/0/0/0/0/0/0/0/0/0/Controller (right)
(0) # (2.009999) # 0.9892842/-0.1261391/-0.07352357/-0.3817422/-0.02075786/0.3769458/-0.9260026/1.248279/0.1445195/0.917606/0.3702882/-0.4531976/0/0/0/0/0/0/0/0/0/0/0/0/Controller (right)
(0) # (2.019999) # 0.9846513/-0.1545718/-0.08105204/-0.3834581/-0.0176586/0.3737806/-0.927349/1.249046/0.1736377/0.9145465/0.365314/-0.4479758/0/0/0/0/0/0/0/0/0/0/0/0/Controller (right)
(0) # (2.029999) # 0.9830726/-0.1637623/-0.08215955/-0.3853885/-0.01432692/0.3783451/-0.9255537/1.249512/0.1826555/0.9110635/0.3695945/-0.4440457/0/0/0/0/0/0/0/0/0/0/0/0/Controller (right)
(0) # (2.039999) # 0.9820623/-0.1728358/-0.07537454/-0.3871082/-0.003719684/0.3819094/-0.9241922/1.249975/0.1885197/0.9078947/0.374416/-0.4409815/0/0/0/0/0/0/0/0/0/0/0/0/Controller (right)
(0) # (2.049999) # 0.9765539/-0.2051436/-0.0652587/-0.3886673/0.01875313/0.3830588/-0.9235335/1.250727/0.2144549/0.9006564/0.3779247/-0.438248/0/0/0/0/0/0/0/0/0/0/0/0/Controller (right)
(0) # (2.059999) # 0.9723421/-0.2255166/-0.06077242/-0.3894454/0.03197541/0.3862806/-0.9218268/1.250648/0.2313625/0.8943877/0.3828079/-0.4361521/0/0/0/0/0/0/0/0/0/0/0/0/Controller (right)
(0) # (2.069999) # 0.9752888/-0.2133977/-0.05721075/-0.3896268/0.03117354/0.3892778/-0.9205927/1.250449/0.2187233/0.8960603/0.3863107/-0.4351264/0/0/0/0/0/0/0/0/0/0/0/0/Controller (right)
(0) # (2.079998) # 0.9770045/-0.2042689/-0.06112503/-0.3890512/0.02424172/0.3912368/-0.9199706/1.250233/0.2118358/0.8973337/0.387192/-0.4341861/0/0/0/0/0/0/0/0/0/0/0/0/Controller (right)
(0) # (2.089998) # 0.9770008/-0.2035021/-0.06368847/-0.3879732/0.02378934/0.4008348/-0.9158413/1.24979/0.2119042/0.8932627/0.3964572/-0.4344991/0/0/0/0/0/0/0/0/0/0/0/0/Controller (right)
(0) # (2.099998) # 0.9793876/-0.190809/-0.06627155/-0.3873188/0.01645621/0.4023766/-0.9153262/1.249511/0.2013187/0.8953686/0.3972226/-0.4347483/0/0/0/0/0/0/0/0/0/0/0/0/Controller (right)
(0) # (2.109998) # 0.9814792/-0.1787051/-0.06901577/-0.3865263/0.008738049/0.401653/-0.9157501/1.249427/0.1913696/0.8981867/0.3957756/-0.4351197/0/0/0/0/0/0/0/0/0/0/0/0/Controller (right)
(0) # (2.119998) # 0.9828801/-0.1721418/-0.06567989/-0.3864328/0.009308029/0.4024163/-0.9154094/1.249575/0.1840109/0.8991264/0.3971293/-0.4363407/0/0/0/0/0/0/0/0/0/0/0/0/Controller (right)
(0) # (2.129998) # 0.9832584/-0.1725361/-0.05860125/-0.3867971/0.01616432/0.402925/-0.9150901/1.250001/0.1814981/0.8988229/0.3989684/-0.4387819/0/0/0/0/0/0/0/0/0/0/0/0/Controller (right)
