(2147483648) # (0.01) # 0.9875999/-0.01946915/0.1557798/-0.2592642/0.03583075/0.9940438/-0.1029225/1.253975/-0.1528482/0.107228/0.9824152/-0.2135271/2147483648/0/0/0/0/0/0/0/0/0/0/0/Vr Camera (eye)
(2147483648) # (0.02) # 0.987573/-0.02032833/0.1558405/-0.2592378/0.03670412/0.9940107/-0.1029348/1.253948/-0.1528147/0.1073757/0.9824042/-0.2135228/2147483648/0/0/0/0/0/0/0/0/0/0/0/Vr Camera (eye)
(2147483648) # (0.03) # 0.9875266/-0.01984075/0.1561973/-0.2592443/0.03620567/0.99406/-0.102634/1.253858/-0.1532331/0.107009/0.9823791/-0.2134498/2147483648/0/0/0/0/0/0/0/0/0/0/0/Vr Camera (eye)
(2147483648) # (0.04) # 0.9873781/-0.01946914/0.1571795/-0.2592601/0.0358777/0.9941124/-0.102242/1.253773/-0.1542635/0.1065907/0.9822633/-0.2133404/2147483648/0/0/0/0/0/0/0/0/0/0/0/Vr Camera (eye)
(2147483648) # (0.05) # 0.9872429/-0.0191369/0.1580672/-0.2593485/0.03558567/0.9941583/-0.1018971/1.253725/-0.1551938/0.1062221/0.9821567/-0.2133044/2147483648/0/0/0/0/0/0/0/0/0/0/0/Vr Camera (eye)
(2147483648) # (0.05999999) # 0.9870259/-0.01903137/0.1594296/-0.259389/0.03544737/0.9942786/-0.1007654/1.253511/-0.1565997/0.1051094/0.9820532/-0.2131978/2147483648/0/0/0/0/0/0/0/0/0/0/0/Vr Camera (eye)
(2147483648) # (0.06999999) # 0.9870075/-0.01847595/0.1596084/-0.2593802/0.03478003/0.9943824/-0.09996962/1.253461/-0.1568647/0.1042219/0.9821055/-0.2131838/2147483648/0/0/0/0/0/0/0/0/0/0/0/Vr Camera (eye)
(2147483648) # (0.07999999) # 0.9869356/-0.01900255/0.1599911/-0.2592542/0.03505914/0.9945546/-0.09814323/1.253184/-0.1572548/0.1024702/0.9822274/-0.2132376/2147483648/0/0/0/0/0/0/0/0/0/0/0/Vr Camera (eye)
(2147483648) # (0.08999999) # 0.986826/-0.0181106/0.1607683/-0.2592631/0.0341962/0.9946126/-0.09785921/1.253105/-0.1581299/0.1020677/0.9821289/-0.2132589/2147483648/0/0/0/0/0/0/0/0/0/0/0/Vr Camera (eye)
(2147483648) # (0.09999999) # 0.9867178/-0.0170609/0.1615451/-0.2592974/0.03309466/0.9947253/-0.09708858/1.253031/-0.1590366/0.1011453/0.9820779/-0.2132369/2147483648/0/0/0/0/0/0/0/0/0/0/0/Vr Camera (eye)
(2147483648) # (0.11) # 0.9865679/-0.01572409/0.1625933/-0.2593116/0.0317088/0.9948579/-0.09618875/1.252895/-0.1602447/0.1000524/0.9819934/-0.2133189/2147483648/0/0/0/0/0/0/0/0/0/0/0/Vr Camera (eye)
(2147483648) # (0.12) # 0.9864353/-0.01476589/0.1634853/-0.2593284/0.03060017/0.9950293/-0.09476438/1.252716/-0.1612734/0.0984816/0.9819838/-0.2134453/2147483648/0/0/0/0/0/0/0/0/0/0/0/Vr Camera (eye)
(2147483648) # (0.13) # 0.9861879/-0.01317962/0.1651053/-0.2592424/0.02861812/0.9953955/-0.09148042/1.252189/-0.1631395/0.09494188/0.9820243/-0.2135476/2147483648/0/0/0/0/0/0/0/0/0/0/0/Vr Camera (eye)
(2147483648) # (0.14) # 0.9861034/-0.01163611/0.1657248/-0.2592229/0.02675747/0.9956447/-0.08930579/1.252011/-0.1639639/0.09249911/0.98212/-0.213554/2147483648/0/0/0/0/0/0/0/0/0/0/0/Vr Camera (eye)
(2147483648) # (0.15) # 0.985971/-0.01109942/0.1665472/-0.2592003/0.02625511/0.9956788/-0.08907571/1.252047/-0.1648389/0.09219879/0.9820018/-0.2135445/2147483648/0/0/0/0/0/0/0/0/0/0/0/Vr Camera (eye)
(2147483648) # (0.16) # 0.9857904/-0.009853923/0.1676904/-0.2591689/0.02546651/0.995506/-0.09120975/1.252265/-0.166038/0.0941842/0.9816113/-0.2133716/2147483648/0/0/0/0/0/0/0/0/0/0/0/Vr Camera (eye)
(2147483648) # (0.17) # 0.9854752/-0.00817099/0.1696228/-0.2591008/0.02420695/0.995401/-0.09268764/1.252839/-0.1680853/0.09544742/0.9811407/-0.2129711/2147483648/0/0/0/0/0/0/0/0/0/0/0/Vr Camera (eye)
(2147483648) # (0.18) # 0.9852862/-0.005049792/0.1708383/-0.2588567/0.02176298/0.9951338/-0.09609988/1.253365/-0.1695217/0.09840383/0.9806014/-0.212623/2147483648/0/0/0/0/0/0/0/0/0/0/0/Vr Camera (eye)
(2147483648) # (0.19) # 0.9852797/-0.001436748/0.1709441/-0.2584302/0.01872966/0.9948521/-0.09959162/1.254028/-0.169921/0.1013273/0.9802345/-0.2121392/2147483648/0/0/0/0/0/0/0/0/0/0/0/Vr Camera (eye)
(2147483648) # (0.2) # 0.9854147/0.0008695815/0.170168/-0.2579256/0.01693536/0.9945214/-0.1031519/1.254724/-0.1693255/0.1045293/0.9800013/-0.2115802/2147483648/0/0/0/0/0/0/0/0/0/0/0/Vr Camera (eye)
(2147483648) # (0.21) # 0.9853904/0.001616858/0.1703035/-0.2573474/0.01681771/0.994144/-0.106747/1.255382/-0.1694788/0.1080516/0.9795926/-0.2109267/2147483648/0/0/0/0/0/0/0/0/0/0/0/Vr Camera (eye)
(2147483648) # (0.22) # 0.9855493/0.002966108/0.1693625/-0.2565845/0.01596553/0.9937689/-0.1103103/1.255968/-0.1686344/0.1114202/0.9793609/-0.2100962/2147483648/0/0/0/0/0/0/0/0/0/0/0/Vr Camera (eye)
(2147483648) # (0.23) # 0.9857832/0.00437055/0.1679655/-0.2558246/0.01502035/0.993367/-0.1140018/1.256517/-0.1673496/0.1149039/0.9791788/-0.2096924/2147483648/0/0/0/0/0/0/0/0/0/0/0/Vr Camera (eye)
(2147483648) # (0.24) # 0.9861392/0.006141299/0.1658065/-0.2549613/0.01333046/0.9931517/-0.1160685/1.256867/-0.1653838/0.11667/0.979304/-0.2094074/2147483648/0/0/0/0/0/0/0/0/0/0/0/Vr Camera (eye)
(2147483648) # (0.25) # 0.9865807/0.007591806/0.1630978/-0.2540723/0.01165506/0.9930956/-0.1167278/1.257053/-0.1628578/0.1170623/0.9796804/-0.209344/2147483648/0/0/0/0/0/0/0/0/0/0/0/Vr Camera (eye)
(2147483648) # (0.26) # 0.9870843/0.008673443/0.1599669/-0.2532645/0.01014432/0.9931454/-0.1164446/1.257046/-0.1598804/0.1165634/0.9802302/-0.2094251/2147483648/0/0/0/0/0/0/0/0/0/0/0/Vr Camera (eye)
(2147483648) # (0.27) # 0.9875324/0.008697312/0.1571755/-0.2525314/0.009601212/0.9932857/-0.1152878/1.256936/-0.1571228/0.1153595/0.9808183/-0.2096752/2147483648/0/0/0/0/0/0/0/0/0/0/0/Vr Camera (eye)
(2147483648) # (0.28) # 0.9879214/0.008519763/0.154722/-0.2518843/0.009245183/0.9934679/-0.113737/1.256675/-0.1546804/0.1137936/0.9813893/-0.2098159/2147483648/0/0/0/0/0/0/0/0/0/0/0/Vr Camera (eye)
(2147483648) # (0.29) # 0.9881587/0.00847928/0.1532007/-0.2512913/0.008863984/0.9936495/-0.1121695/1.256285/-0.1531789/0.1121993/0.9818083/-0.2099324/2147483648/0/0/0/0/0/0/0/0/0/0/0/Vr Camera (eye)
(2147483648) # (0.3) # 0.9881269/0.0100273/0.1533125/-0.2510042/0.007058471/0.9938516/-0.1104953/1.256025/-0.1534778/0.1102655/0.9819807/-0.2101594/2147483648/0/0/0/0/0/0/0/0/0/0/0/Vr Camera (eye)
(2147483648) # (0.31) # 0.9880432/0.01279805/0.1536455/-0.250736/0.004100728/0.9940149/-0.1091678/1.25584/-0.154123/0.1084926/0.9820771/-0.2102355/2147483648/0/0/0/0/0/0/0/0/0/0/0/Vr Camera (eye)
(2147483648) # (0.32) # 0.987936/0.01411594/0.1542177/-0.250404/0.002736571/0.9940903/-0.1085223/1.255746/-0.1548382/0.1076352/0.982059/-0.2101752/2147483648/0/0/0/0/0/0/0/0/0/0/0/Vr Camera (eye)
(2147483648) # (0.33) # 0.9879286/0.01512621/0.1541694/-0.2498716/0.001910999/0.9939555/-0.109767/1.255962/-0.1548978/0.1087366/0.9819282/-0.2101423/2147483648/0/0/0/0/0/0/0/0/0/0/0/Vr Camera (eye)
(2147483648) # (0.3399999) # 0.9881524/0.01713377/0.1525164/-0.2492608/0.0002644535/0.9935573/-0.1133301/1.25642/-0.1534756/0.1120277/0.9817815/-0.2097944/2147483648/0/0/0/0/0/0/0/0/0/0/0/Vr Camera (eye)
(2147483648) # (0.3499999) # 0.988294/0.0190585/0.1513662/-0.2484941/-0.001298703/0.9931814/-0.1165719/1.256995/-0.1525558/0.1150107/0.98158/-0.2094499/2147483648/0/0/0/0/0/0/0/0/0/0/0/Vr Camera (eye)
(2147483648) # (0.3599999) # 0.9884344/0.02177874/0.1500771/-0.2476849/-0.003257348/0.9924547/-0.1225685/1.257901/-0.1516142/0.1206621/0.9810473/-0.2090684/2147483648/0/0/0/0/0/0/0/0/0/0/0/Vr Camera (eye)
(2147483648) # (0.3699999) # 0.9885409/0.02615676/0.1486694/-0.2467849/-0.006450783/0.9912933/-0.1315143/1.259249/-0.150815/0.1290483/0.9801027/-0.208552/2147483648/0/0/0/0/0/0/0/0/0/0/0/Vr Camera (eye)
(2147483648) # (0.3799999) # 0.9886053/0.03139776/0.1472203/-0.2458738/-0.01009788/0.9896349/-0.1432512/1.26094/-0.1501922/0.1401323/0.9786753/-0.2077073/2147483648/0/0/0/0/0/0/0/0/0/0/0/Vr Camera (eye)
(2147483648) # (0.3899999) # 0.9885024/0.03488273/0.1471263/-0.2451684/-0.01192309/0.9879778/-0.1541353/1.262636/-0.1507342/0.1506089/0.9770344/-0.2065672/2147483648/0/0/0/0/0/0/0/0/0/0/0/Vr Camera (eye)
(2147483648) # (0.3999999) # 0.9883738/0.03823657/0.1471574/-0.2444277/-0.01410897/0.9867506/-0.1616297/1.263889/-0.1513879/0.1576743/0.9758178/-0.2053455/2147483648/0/0/0/0/0/0/0/0/0/0/0/Vr Camera (eye)
(2147483648) # (0.4099999) # 0.9883044/0.04095386/0.146891/-0.2437899/-0.01604396/0.9858415/-0.1669108/1.264623/-0.1516469/0.162602/0.9749687/-0.2043103/2147483648/0/0/0/0/0/0/0/0/0/0/0/Vr Camera (eye)
(2147483648) # (0.4199999) # 0.9882247/0.0410075/0.1474116/-0.2433146/-0.0156453/0.9854487/-0.1692519/1.264875/-0.1522072/0.1649527/0.9744863/-0.2036034/2147483648/0/0/0/0/0/0/0/0/0/0/0/Vr Camera (eye)
(2147483648) # (0.4299999) # 0.9881936/0.04137124/0.1475192/-0.2430044/-0.01620364/0.9856735/-0.1678846/1.264832/-0.1523513/0.1635122/0.9747065/-0.2030734/2147483648/0/0/0/0/0/0/0/0/0/0/0/Vr Camera (eye)
(2147483648) # (0.4399998) # 0.9881523/0.04027348/0.1480986/-0.2427274/-0.01546749/0.9861766/-0.1649746/1.264421/-0.1526955/0.1607293/0.9751155/-0.2029821/2147483648/0/0/0/0/0/0/0/0/0/0/0/Vr Camera (eye)
(2147483648) # (0.4499998) # 0.9880743/0.03930235/0.1488772/-0.2424713/-0.01487047/0.986713/-0.161791/1.263873/-0.1532578/0.1576477/0.9755303/-0.2031695/2147483648/0/0/0/0/0/0/0/0/0/0/0/Vr Camera (eye)
(2147483648) # (0.4599998) # 0.9879281/0.03881943/0.1499704/-0.2422748/-0.01488362/0.9874004/-0.1575403/1.263039/-0.1541964/0.1534064/0.9760584/-0.2036291/2147483648/0/0/0/0/0/0/0/0/0/0/0/Vr Camera (eye)
(2147483648) # (0.4699998) # 0.9878184/0.03860322/0.1507469/-0.2421623/-0.01516752/0.9880136/-0.15362/1.262398/-0.1548702/0.1494623/0.9765635/-0.2040466/2147483648/0/0/0/0/0/0/0/0/0/0/0/Vr Camera (eye)
(2147483648) # (0.4799998) # 0.9876972/0.03837952/0.1515961/-0.2421787/-0.01533495/0.9885139/-0.1503495/1.261987/-0.1556252/0.146175/0.976941/-0.2042242/2147483648/0/0/0/0/0/0/0/0/0/0/0/Vr Camera (eye)
(2147483648) # (0.4899998) # 0.9875947/0.03779099/0.152409/-0.2421871/-0.01508803/0.9889544/-0.1474499/1.261569/-0.1562979/0.1433212/0.9772564/-0.2045709/2147483648/0/0/0/0/0/0/0/0/0/0/0/Vr Camera (eye)
(2147483648) # (0.4999998) # 0.9874995/0.03701491/0.1532144/-0.2422067/-0.01441466/0.9891697/-0.1460668/1.261294/-0.1569617/0.1420324/0.9773381/-0.2047001/2147483648/0/0/0/0/0/0/0/0/0/0/0/Vr Camera (eye)
(2147483648) # (0.5099998) # 0.9874938/0.03650897/0.1533726/-0.2421194/-0.01401648/0.9892961/-0.1452475/1.261054/-0.1570337/0.1412813/0.9774355/-0.2049361/2147483648/0/0/0/0/0/0/0/0/0/0/0/Vr Camera (eye)
(2147483648) # (0.5199998) # 0.987517/0.03539208/0.1534852/-0.24199/-0.01292946/0.9893549/-0.1449472/1.260927/-0.1569813/0.1411534/0.9774623/-0.205099/2147483648/0/0/0/0/0/0/0/0/0/0/0/Vr Camera (eye)
(2147483648) # (0.5299998) # 0.9876153/0.03490027/0.1529638/-0.2417134/-0.01257625/0.989418/-0.144547/1.260678/-0.1563898/0.1408331/0.9776034/-0.2053989/2147483648/0/0/0/0/0/0/0/0/0/0/0/Vr Camera (eye)
(2147483648) # (0.5399998) # 0.9878495/0.0348991/0.1514447/-0.2414331/-0.01310145/0.9896926/-0.1426073/1.260527/-0.1548606/0.1388904/0.9781246/-0.2057678/2147483648/0/0/0/0/0/0/0/0/0/0/0/Vr Camera (eye)
(2147483648) # (0.5499998) # 0.9882067/0.03453343/0.1491808/-0.2410414/-0.0132682/0.9898845/-0.1412539/1.26033/-0.1525497/0.1376087/0.9786687/-0.2060903/2147483648/0/0/0/0/0/0/0/0/0/0/0/Vr Camera (eye)
(2147483648) # (0.5599998) # 0.9884528/0.03308003/0.1478739/-0.2407426/-0.01212843/0.9900206/-0.1404002/1.260154/-0.1510427/0.1369855/0.9789898/-0.2063953/2147483648/0/0/0/0/0/0/0/0/0/0/0/Vr Camera (eye)
(2147483648) # (0.5699998) # 0.9885813/0.03291454/0.1470496/-0.2404892/-0.01219405/0.9901266/-0.139645/1.259982/-0.1501941/0.1362573/0.979222/-0.2066795/2147483648/0/0/0/0/0/0/0/0/0/0/0/Vr Camera (eye)
(2147483648) # (0.5799997) # 0.9885956/0.03376178/0.1467612/-0.240361/-0.01315991/0.9901851/-0.1391415/1.259816/-0.1500184/0.1356234/0.9793369/-0.20689/2147483648/0/0/0/0/0/0/0/0/0/0/0/Vr Camera (eye)
(2147483648) # (0.5899997) # 0.9885498/0.03393257/0.1470305/-0.2402954/-0.01342377/0.9903003/-0.1382935/1.259614/-0.150297/0.1347363/0.9794166/-0.2070383/2147483648/0/0/0/0/0/0/0/0/0/0/0/Vr Camera (eye)
(2147483648) # (0.5999997) # 0.9885986/0.03405645/0.1466729/-0.2402637/-0.01365053/0.9903458/-0.1379448/1.259484/-0.1499548/0.1343699/0.9795194/-0.207172/2147483648/0/0/0/0/0/0/0/0/0/0/0/Vr Camera (eye)
(2147483648) # (0.6099997) # 0.9887443/0.03412315/0.1456719/-0.2402243/-0.01394204/0.9904215/-0.1373716/1.259294/-0.1489641/0.1337945/0.9797493/-0.2073318/2147483648/0/0/0/0/0/0/0/0/0/0/0/Vr Camera (eye)
(2147483648) # (0.6199997) # 0.9888887/0.03328691/0.1448831/-0.2402154/-0.01323487/0.9904518/-0.1372228/1.259114/-0.1480675/0.1337805/0.9798871/-0.2074641/2147483648/0/0/0/0/0/0/0/0/0/0/0/Vr Camera (eye)
(2147483648) # (0.6299997) # 0.989027/0.03269902/0.1440704/-0.2403225/-0.01282267/0.9905174/-0.1367872/1.258969/-0.147177/0.1334389/0.9800678/-0.2075287/2147483648/0/0/0/0/0/0/0/0/0/0/0/Vr Camera (eye)
(2147483648) # (0.6399997) # 0.9891037/0.03201189/0.1436977/-0.2405271/-0.01229822/0.9906279/-0.1360331/1.258773/-0.1467057/0.1327836/0.9802275/-0.2075258/2147483648/0/0/0/0/0/0/0/0/0/0/0/Vr Camera (eye)
(2147483648) # (0.6499997) # 0.9890888/0.03175092/0.1438586/-0.2407706/-0.01211138/0.9907184/-0.1353898/1.258756/-0.1468221/0.1321702/0.980293/-0.2075008/2147483648/0/0/0/0/0/0/0/0/0/0/0/Vr Camera (eye)
(2147483648) # (0.6599997) # 0.989038/0.03186048/0.1441829/-0.2409116/-0.01224239/0.9907759/-0.1349564/1.258662/-0.1471527/0.1317119/0.9803051/-0.2075986/2147483648/0/0/0/0/0/0/0/0/0/0/0/Vr Camera (eye)
(2147483648) # (0.6699997) # 0.9889609/0.03164678/0.1447575/-0.2412202/-0.0120288/0.9908488/-0.1344397/1.258658/-0.1476874/0.1312143/0.9802914/-0.2076315/2147483648/0/0/0/0/0/0/0/0/0/0/0/Vr Camera (eye)
(2147483648) # (0.6799996) # 0.9888545/0.03130711/0.1455561/-0.241423/-0.01146275/0.9907489/-0.1352227/1.258713/-0.148443/0.1320471/0.9800655/-0.2075094/2147483648/0/0/0/0/0/0/0/0/0/0/0/Vr Camera (eye)
(2147483648) # (0.6899996) # 0.9887845/0.03132147/0.1460277/-0.2416167/-0.01135829/0.9907005/-0.1355859/1.258758/-0.1489164/0.1324066/0.9799451/-0.2076467/2147483648/0/0/0/0/0/0/0/0/0/0/0/Vr Camera (eye)
(2147483648) # (0.6999996) # 0.9885807/0.03084282/0.1475023/-0.2419324/-0.01063715/0.9906712/-0.1358583/1.258841/-0.1503165/0.1327379/0.9796864/-0.2076129/2147483648/0/0/0/0/0/0/0/0/0/0/0/Vr Camera (eye)
(2147483648) # (0.7099996) # 0.9883816/0.0314909/0.1486951/-0.2421805/-0.01112635/0.9906672/-0.1358479/1.258865/-0.1515853/0.1326151/0.9795076/-0.207662/2147483648/0/0/0/0/0/0/0/0/0/0/0/Vr Camera (eye)
(2147483648) # (0.7199996) # 0.9882743/0.0324444/0.1492026/-0.2422715/-0.01210786/0.990739/-0.1352392/1.258799/-0.1522086/0.1318469/0.9795146/-0.207677/2147483648/0/0/0/0/0/0/0/0/0/0/0/Vr Camera (eye)
(2147483648) # (0.7299996) # 0.988171/0.0314323/0.1501002/-0.2423993/-0.0110971/0.9908599/-0.1344379/1.258725/-0.152954/0.131182/0.9794878/-0.2075664/2147483648/0/0/0/0/0/0/0/0/0/0/0/Vr Camera (eye)
(2147483648) # (0.7399996) # 0.9879735/0.03089834/0.1515048/-0.2426536/-0.01034504/0.990844/-0.134615/1.258766/-0.154277/0.1314287/0.9792472/-0.2075578/2147483648/0/0/0/0/0/0/0/0/0/0/0/Vr Camera (eye)
(2147483648) # (0.7499996) # 0.987817/0.03096543/0.152508/-0.2427073/-0.01024603/0.9908183/-0.1348119/1.258867/-0.1552822/0.1316069/0.9790643/-0.2075142/2147483648/0/0/0/0/0/0/0/0/0/0/0/Vr Camera (eye)
(2147483648) # (0.7599996) # 0.9876856/0.03073925/0.1534024/-0.2427526/-0.009842141/0.9907742/-0.1351655/1.25891/-0.156142/0.1319912/0.9788759/-0.2074381/2147483648/0/0/0/0/0/0/0/0/0/0/0/Vr Camera (eye)
(2147483648) # (0.7699996) # 0.987531/0.03092246/0.1543575/-0.2426882/-0.009789426/0.9906833/-0.135834/1.258988/-0.1571197/0.1326292/0.9786332/-0.2073232/2147483648/0/0/0/0/0/0/0/0/0/0/0/Vr Camera (eye)
(2147483648) # (0.7799996) # 0.987532/0.03134871/0.1542653/-0.2424925/-0.01009729/0.9905668/-0.136658/1.259071/-0.1570942/0.1333964/0.978533/-0.2072402/2147483648/0/0/0/0/0/0/0/0/0/0/0/Vr Camera (eye)
(2147483648) # (0.7899995) # 0.9875771/0.03242654/0.1537529/-0.2422926/-0.011115/0.9904407/-0.137491/1.259323/-0.1567415/0.134074/0.9784969/-0.207182/2147483648/0/0/0/0/0/0/0/0/0/0/0/Vr Camera (eye)
(2147483648) # (0.7999995) # 0.9875696/0.03273294/0.1537362/-0.2420265/-0.0110209/0.9900888/-0.14001/1.259698/-0.1567955/0.1365753/0.9781423/-0.2069868/2147483648/0/0/0/0/0/0/0/0/0/0/0/Vr Camera (eye)
(2147483648) # (0.8099995) # 0.9874969/0.03469254/0.1537732/-0.241818/-0.01235702/0.9895166/-0.1438892/1.26037/-0.1571531/0.14019/0.9775733/-0.2068185/2147483648/0/0/0/0/0/0/0/0/0/0/0/Vr Camera (eye)
(2147483648) # (0.8199995) # 0.9871951/0.03836587/0.1548347/-0.2416959/-0.01458876/0.9882928/-0.15187/1.261484/-0.1588487/0.1476664/0.9761976/-0.2066482/2147483648/0/0/0/0/0/0/0/0/0/0/0/Vr Camera (eye)
(2147483648) # (0.8299995) # 0.9868363/0.04119417/0.1563879/-0.2415208/-0.01581314/0.9869593/-0.1601913/1.262632/-0.1609474/0.1556096/0.9746187/-0.2062179/2147483648/0/0/0/0/0/0/0/0/0/0/0/Vr Camera (eye)
(2147483648) # (0.8399995) # 0.9865454/0.04313425/0.1576947/-0.2413657/-0.01660566/0.9860163/-0.1658194/1.263636/-0.162642/0.1609697/0.9734662/-0.2057236/2147483648/0/0/0/0/0/0/0/0/0/0/0/Vr Camera (eye)
(2147483648) # (0.8499995) # 0.9864043/0.04428015/0.1582586/-0.2413263/-0.01686194/0.9852034/-0.1705579/1.26441/-0.1634693/0.1655705/0.9725555/-0.2054354/2147483648/0/0/0/0/0/0/0/0/0/0/0/Vr Camera (eye)
(2147483648) # (0.8599995) # 0.98625/0.04584205/0.158775/-0.2412524/-0.01727133/0.984087/-0.1768459/1.265273/-0.1643554/0.171672/0.9713476/-0.205027/2147483648/0/0/0/0/0/0/0/0/0/0/0/Vr Camera (eye)
(2147483648) # (0.8699995) # 0.9858926/0.04792963/0.1603702/-0.2411278/-0.01673604/0.9815507/-0.1904682/1.267022/-0.1665405/0.1850972/0.9685057/-0.2043434/2147483648/0/0/0/0/0/0/0/0/0/0/0/Vr Camera (eye)
(2147483648) # (0.8799995) # 0.9855492/0.04955418/0.1619787/-0.2412429/-0.01693446/0.9802849/-0.1968621/1.26818/-0.1685406/0.1912742/0.9669583/-0.2036806/2147483648/0/0/0/0/0/0/0/0/0/0/0/Vr Camera (eye)
(2147483648) # (0.8899994) # 0.9851418/0.05125235/0.163917/-0.2413138/-0.0174507/0.9793656/-0.2013419/1.268848/-0.170854/0.1954899/0.9657084/-0.2033001/2147483648/0/0/0/0/0/0/0/0/0/0/0/Vr Camera (eye)
(2147483648) # (0.8999994) # 0.9844457/0.05581541/0.1665872/-0.241471/-0.02003598/0.9776741/-0.2091693/1.269913/-0.1745429/0.2025781/0.9635854/-0.202643/2147483648/0/0/0/0/0/0/0/0/0/0/0/Vr Camera (eye)
(2147483648) # (0.9099994) # 0.9839543/0.05746232/0.1689142/-0.241604/-0.02020034/0.9765096/-0.2145248/1.270653/-0.1772734/0.2076705/0.9620017/-0.2021025/2147483648/0/0/0/0/0/0/0/0/0/0/0/Vr Camera (eye)
(2147483648) # (0.9199994) # 0.9835853/0.05853588/0.1706853/-0.2417318/-0.02002851/0.9754912/-0.2191253/1.271325/-0.1793287/0.2121098/0.9606511/-0.2015675/2147483648/0/0/0/0/0/0/0/0/0/0/0/Vr Camera (eye)
(2147483648) # (0.9299994) # 0.9832199/0.05932048/0.1725099/-0.2419243/-0.01923202/0.9740893/-0.2253443/1.272174/-0.1814076/0.2182453/0.9588848/-0.2009553/2147483648/0/0/0/0/0/0/0/0/0/0/0/Vr Camera (eye)
(2147483648) # (0.9399994) # 0.9826941/0.06055185/0.175059/-0.2421255/-0.01864979/0.9726022/-0.2317265/1.27307/-0.1842943/0.2244514/0.9568998/-0.2001742/2147483648/0/0/0/0/0/0/0/0/0/0/0/Vr Camera (eye)
(2147483648) # (0.9499994) # 0.982025/0.06281044/0.1779936/-0.2422597/-0.01878933/0.9708547/-0.2389311/1.273962/-0.1878133/0.231292/0.9545838/-0.1993884/2147483648/0/0/0/0/0/0/0/0/0/0/0/Vr Camera (eye)
(2147483648) # (0.9599994) # 0.9812968/0.06489971/0.1812306/-0.2424831/-0.01829504/0.9686351/-0.2478128/1.275279/-0.1916293/0.2398623/0.951706/-0.1984726/2147483648/0/0/0/0/0/0/0/0/0/0/0/Vr Camera (eye)
(2147483648) # (0.9699994) # 0.9807611/0.06782199/0.1830512/-0.2425895/-0.01895283/0.966359/-0.2564975/1.276477/-0.1942893/0.2480934/0.9490528/-0.1975676/2147483648/0/0/0/0/0/0/0/0/0/0/0/Vr Camera (eye)
(2147483648) # (0.9799994) # 0.9803262/0.06948205/0.1847506/-0.2426387/-0.01863731/0.9643967/-0.2638022/1.277639/-0.1965024/0.2551689/0.9467183/-0.1966044/2147483648/0/0/0/0/0/0/0/0/0/0/0/Vr Camera (eye)
(2147483648) # (0.9899994) # 0.9799372/0.07101226/0.1862268/-0.2426497/-0.01820441/0.9623579/-0.2711748/1.278726/-0.1984736/0.2623442/0.9443431/-0.1955885/2147483648/0/0/0/0/0/0/0/0/0/0/0/Vr Camera (eye)
(2147483648) # (0.9999993) # 0.9795461/0.07292278/0.1875411/-0.2425179/-0.01787212/0.9598676/-0.2798835/1.280069/-0.2004244/0.2708071/0.9415379/-0.1944317/2147483648/0/0/0/0/0/0/0/0/0/0/0/Vr Camera (eye)
(2147483648) # (1.009999) # 0.9793819/0.07415709/0.1879147/-0.24246/-0.01773639/0.9581606/-0.2856812/1.281023/-0.2012377/0.276458/0.9397203/-0.1935359/2147483648/0/0/0/0/0/0/0/0/0/0/0/Vr Camera (eye)
(2147483648) # (1.019999) # 0.9793415/0.07470967/0.1879061/-0.2423652/-0.01746449/0.9570243/-0.2894812/1.281655/-0.2014578/0.2802193/0.9385585/-0.1927127/2147483648/0/0/0/0/0/0/0/0/0/0/0/Vr Camera (eye)
(2147483648) # (1.029999) # 0.9794335/0.07435519/0.1875672/-0.2423487/-0.01670163/0.9563072/-0.2918861/1.28208/-0.2010752/0.2827502/0.9378811/-0.1921099/2147483648/0/0/0/0/0/0/0/0/0/0/0/Vr Camera (eye)
(2147483648) # (1.039999) # 0.979565/0.07411845/0.1869732/-0.2422719/-0.01632946/0.9558614/-0.2933639/1.282296/-0.2004641/0.2843159/0.9375386/-0.1917373/2147483648/0/0/0/0/0/0/0/0/0/0/0/Vr Camera (eye)
(2147483648) # (1.049999) # 0.979492/0.0739397/0.1874253/-0.2422618/-0.01585388/0.9556293/-0.2941448/1.282468/-0.2008581/0.2851411/0.9372036/-0.191435/2147483648/0/0/0/0/0/0/0/0/0/0/0/Vr Camera (eye)
(2147483648) # (1.059999) # 0.9792986/0.07485966/0.1880699/-0.2421346/-0.01662776/0.9557127/-0.2938312/1.282367/-0.2017368/0.2846213/0.9371729/-0.1913117/2147483648/0/0/0/0/0/0/0/0/0/0/0/Vr Camera (eye)
(2147483648) # (1.069999) # 0.9793476/0.07737909/0.1867904/-0.2420779/-0.0196298/0.9558913/-0.2930642/1.282191/-0.2012284/0.283345/0.9376687/-0.1914793/2147483648/0/0/0/0/0/0/0/0/0/0/0/Vr Camera (eye)
(2147483648) # (1.079999) # 0.9796231/0.07654396/0.1856873/-0.2418834/-0.0203887/0.9576536/-0.2871999/1.281484/-0.1998075/0.2775617/0.9397002/-0.1918527/2147483648/0/0/0/0/0/0/0/0/0/0/0/Vr Camera (eye)
(2147483648) # (1.089999) # 0.97997/0.07534066/0.1843438/-0.241675/-0.02047561/0.9588878/-0.2830458/1.280868/-0.1980899/0.2736019/0.9412239/-0.1921922/2147483648/0/0/0/0/0/0/0/0/0/0/0/Vr Camera (eye)
(2147483648) # (1.099999) # 0.9803105/0.07472949/0.1827754/-0.2413695/-0.02099741/0.9598244/-0.2798145/1.280297/-0.1963427/0.2704673/0.9424951/-0.1925997/2147483648/0/0/0/0/0/0/0/0/0/0/0/Vr Camera (eye)
(2147483648) # (1.109999) # 0.9805185/0.07407951/0.1819221/-0.2412511/-0.02087164/0.9602073/-0.2785073/1.279933/-0.1953146/0.2692846/0.9430472/-0.192854/2147483648/0/0/0/0/0/0/0/0/0/0/0/Vr Camera (eye)
(2147483648) # (1.119999) # 0.9805873/0.07386052/0.1816404/-0.2410148/-0.02108946/0.960697/-0.2767969/1.279663/-0.1949458/0.2675928/0.9436049/-0.1932226/2147483648/0/0/0/0/0/0/0/0/0/0/0/Vr Camera (eye)
(2147483648) # (1.129999) # 0.9807762/0.07359506/0.1807256/-0.2407672/-0.0216465/0.9614699/-0.2740566/1.279214/-0.1939315/0.2648762/0.9445799/-0.1935703/2147483648/0/0/0/0/0/0/0/0/0/0/0/Vr Camera (eye)
(2147483648) # (1.139999) # 0.9813629/0.07384703/0.1774076/-0.2399898/-0.02412215/0.9632496/-0.2675226/1.278269/-0.1906435/0.2582573/0.9470788/-0.1944917/2147483648/0/0/0/0/0/0/0/0/0/0/0/Vr Camera (eye)
(2147483648) # (1.149999) # 0.9824486/0.07308105/0.1716215/-0.2390177/-0.02658107/0.965517/-0.2589796/1.27707/-0.1846299/0.2498722/0.9505134/-0.1956309/2147483648/0/0/0/0/0/0/0/0/0/0/0/Vr Camera (eye)
(2147483648) # (1.159999) # 0.9839258/0.06992228/0.1643198/-0.2379467/-0.02715184/0.9680349/-0.2493417/1.275748/-0.1765019/0.2408722/0.9543729/-0.1969622/2147483648/0/0/0/0/0/0/0/0/0/0/0/Vr Camera (eye)
(2147483648) # (1.169999) # 0.9857268/0.06563082/0.1550333/-0.2366358/-0.02685379/0.9703873/-0.2400568/1.274333/-0.1661975/0.2324672/0.9582992/-0.1982952/2147483648/0/0/0/0/0/0/0/0/0/0/0/Vr Camera (eye)
(2147483648) # (1.179999) # 0.9875239/0.06129752/0.1450487/-0.2351699/-0.02662236/0.9728554/-0.2298772/1.2727/-0.1552023/0.2231477/0.9623499/-0.1996435/2147483648/0/0/0/0/0/0/0/0/0/0/0/Vr Camera (eye)
(2147483648) # (1.189999) # 0.9891344/0.05810481/0.1350444/-0.2338723/-0.02704868/0.9748272/-0.2213151/1.271301/-0.1445044/0.2152576/0.9658067/-0.2011441/2147483648/0/0/0/0/0/0/0/0/0/0/0/Vr Camera (eye)
(2147483648) # (1.199999) # 0.9901249/0.05782063/0.1277086/-0.2329895/-0.02897083/0.9757092/-0.2171457/1.270536/-0.1371619/0.2113016/0.967749/-0.202063/2147483648/0/0/0/0/0/0/0/0/0/0/0/Vr Camera (eye)
(2147483648) # (1.209999) # 0.9916522/0.05722333/0.1155482/-0.2313548/-0.03187143/0.9771026/-0.2103682/1.26915/-0.1249405/0.2049294/0.9707697/-0.203916/2147483648/0/0/0/0/0/0/0/0/0/0/0/Vr Camera (eye)
(2147483648) # (1.219999) # 0.9923535/0.05452311/0.1107328/-0.230633/-0.03108757/0.9786302/-0.2032648/1.268053/-0.1194492/0.1982681/0.9728421/-0.205084/2147483648/0/0/0/0/0/0/0/0/0/0/0/Vr Camera (eye)
(2147483648) # (1.229999) # 0.9927448/0.05356912/0.1076485/-0.2301403/-0.03179638/0.9803616/-0.194628/1.266912/-0.1159605/0.1897931/0.9749522/-0.206129/2147483648/0/0/0/0/0/0/0/0/0/0/0/Vr Camera (eye)
(2147483648) # (1.239999) # 0.9928006/0.05411977/0.106855/-0.2298658/-0.03312564/0.9813667/-0.1892674/1.265941/-0.1151071/0.1843651/0.9760942/-0.2069486/2147483648/0/0/0/0/0/0/0/0/0/0/0/Vr Camera (eye)
(2147483648) # (1.249999) # 0.9925504/0.05568548/0.1083636/-0.2299602/-0.03486495/0.9820607/-0.185314/1.265359/-0.1167389/0.1801555/0.9766862/-0.2076257/2147483648/0/0/0/0/0/0/0/0/0/0/0/Vr Camera (eye)
(2147483648) # (1.259999) # 0.9923602/0.05744787/0.1091837/-0.2301134/-0.03701027/0.9828337/-0.1807429/1.264628/-0.1176927/0.1753212/0.9774512/-0.2080096/2147483648/0/0/0/0/0/0/0/0/0/0/0/Vr Camera (eye)
(2147483648) # (1.269999) # 0.9921916/0.05814119/0.1103434/-0.2303596/-0.03797655/0.9835229/-0.1767498/1.264033/-0.1188017/0.1711792/0.9780511/-0.2081491/2147483648/0/0/0/0/0/0/0/0/0/0/0/Vr Camera (eye)
(2147483648) # (1.279999) # 0.9920076/0.05756211/0.1122828/-0.2306747/-0.0374489/0.9840965/-0.1736425/1.263604/-0.1204923/0.1680498/0.9783869/-0.2082487/2147483648/0/0/0/0/0/0/0/0/0/0/0/Vr Camera (eye)
(2147483648) # (1.289999) # 0.9914673/0.05715748/0.1171564/-0.2314608/-0.03672808/0.9848204/-0.1696462/1.262718/-0.1250746/0.1638958/0.9785165/-0.2084557/2147483648/0/0/0/0/0/0/0/0/0/0/0/Vr Camera (eye)
(2147483648) # (1.299999) # 0.9908726/0.05725016/0.1220412/-0.2319443/-0.03654984/0.9855223/-0.1655594/1.262062/-0.1297527/0.1595876/0.9786195/-0.2085131/2147483648/0/0/0/0/0/0/0/0/0/0/0/Vr Camera (eye)
(2147483648) # (1.309999) # 0.9902701/0.05797704/0.1265055/-0.2324538/-0.03695374/0.9859982/-0.1626101/1.261579/-0.1341619/0.156353/0.978547/-0.2087508/2147483648/0/0/0/0/0/0/0/0/0/0/0/Vr Camera (eye)
(2147483648) # (1.319999) # 0.9897369/0.05912802/0.1300952/-0.2327027/-0.03764478/0.9861069/-0.16179/1.261286/-0.1378541/0.1552322/0.9782122/-0.208953/2147483648/0/0/0/0/0/0/0/0/0/0/0/Vr Camera (eye)
(2147483648) # (1.329999) # 0.9895017/0.06014249/0.1314133/-0.2326056/-0.03861588/0.9862629/-0.1606064/1.261013/-0.1392673/0.1538457/0.9782311/-0.2092756/2147483648/0/0/0/0/0/0/0/0/0/0/0/Vr Camera (eye)
(2147483648) # (1.339999) # 0.9895781/0.05983694/0.1309756/-0.2323854/-0.03845115/0.9863509/-0.1601046/1.260911/-0.138768/0.1533998/0.978372/-0.2096175/2147483648/0/0/0/0/0/0/0/0/0/0/0/Vr Camera (eye)
(2147483648) # (1.349999) # 0.9899195/0.0586022/0.1289387/-0.2319942/-0.03755451/0.9864033/-0.1599943/1.260886/-0.1365616/0.1535392/0.9786606/-0.2099718/2147483648/0/0/0/0/0/0/0/0/0/0/0/Vr Camera (eye)
(2147483648) # (1.359999) # 0.9903722/0.05743103/0.1259549/-0.231516/-0.03690976/0.9864934/-0.1595882/1.260861/-0.133419/0.1534028/0.9791154/-0.2102717/2147483648/0/0/0/0/0/0/0/0/0/0/0/Vr Camera (eye)
(2147483648) # (1.369999) # 0.9907185/0.05648247/0.1236386/-0.2311055/-0.0363442/0.9865356/-0.1594573/1.260852/-0.1309804/0.1534838/0.9794319/-0.2105976/2147483648/0/0/0/0/0/0/0/0/0/0/0/Vr Camera (eye)
(2147483648) # (1.379999) # 0.9909866/0.05636363/0.1215268/-0.2307699/-0.03663732/0.9866252/-0.1588347/1.260782/-0.1288539/0.1529507/0.9797974/-0.2108678/2147483648/0/0/0/0/0/0/0/0/0/0/0/Vr Camera (eye)
(2147483648) # (1.389999) # 0.9911695/0.05643899/0.1199904/-0.2305292/-0.03710081/0.9867927/-0.1576825/1.26069/-0.1273051/0.1518383/0.9801727/-0.2111715/2147483648/0/0/0/0/0/0/0/0/0/0/0/Vr Camera (eye)
(2147483648) # (1.399999) # 0.9913133/0.05630816/0.1188582/-0.2303308/-0.03722328/0.9868848/-0.1570756/1.260597/-0.126144/0.1512869/0.9804081/-0.2114102/2147483648/0/0/0/0/0/0/0/0/0/0/0/Vr Camera (eye)
(2147483648) # (1.409999) # 0.9913276/0.05629849/0.1187434/-0.2301689/-0.03730559/0.9869736/-0.1564976/1.260514/-0.1260072/0.1507106/0.9805144/-0.2116002/2147483648/0/0/0/0/0/0/0/0/0/0/0/Vr Camera (eye)
(2147483648) # (1.419999) # 0.9913371/0.05677079/0.1184397/-0.2301527/-0.03791416/0.9870637/-0.1557813/1.260475/-0.1257513/0.1499412/0.9806652/-0.2117728/2147483648/0/0/0/0/0/0/0/0/0/0/0/Vr Camera (eye)
(2147483648) # (1.429999) # 0.9913105/0.05760316/0.1182594/-0.2300618/-0.03875679/0.9870142/-0.1558871/1.26037/-0.1257033/0.1499491/0.9806701/-0.2118541/2147483648/0/0/0/0/0/0/0/0/0/0/0/Vr Camera (eye)
(2147483648) # (1.439999) # 0.9912828/0.05917047/0.1177173/-0.2300378/-0.04039081/0.9869377/-0.155957/1.260361/-0.1254077/0.1498428/0.9807243/-0.2121016/2147483648/0/0/0/0/0/0/0/0/0/0/0/Vr Camera (eye)
(2147483648) # (1.449999) # 0.9913607/0.06063708/0.1163063/-0.2300373/-0.04206192/0.9868636/-0.1559845/1.260476/-0.1242369/0.1497448/0.9808882/-0.2121695/2147483648/0/0/0/0/0/0/0/0/0/0/0/Vr Camera (eye)
(2147483648) # (1.459999) # 0.9914109/0.06004231/0.1161871/-0.2301029/-0.04129511/0.9866537/-0.1575093/1.260583/-0.1240937/0.1513585/0.9806587/-0.2120899/2147483648/0/0/0/0/0/0/0/0/0/0/0/Vr Camera (eye)
(2147483648) # (1.469999) # 0.9914119/0.05833781/0.1170435/-0.2302756/-0.03940852/0.9866572/-0.1579699/1.260635/-0.1246974/0.1520007/0.9804827/-0.211866/2147483648/0/0/0/0/0/0/0/0/0/0/0/Vr Camera (eye)
(2147483648) # (1.479999) # 0.991221/0.05854253/0.1185487/-0.2304791/-0.03926164/0.9865154/-0.1588894/1.260686/-0.126252/0.1528401/0.9801532/-0.211639/2147483648/0/0/0/0/0/0/0/0/0/0/0/Vr Camera (eye)
(2147483648) # (1.489999) # 0.9909657/0.05891807/0.120481/-0.2306225/-0.03932035/0.9864943/-0.1590061/1.260689/-0.1282221/0.1528323/0.9798987/-0.2112945/2147483648/0/0/0/0/0/0/0/0/0/0/0/Vr Camera (eye)
(2147483648) # (1.499999) # 0.9908209/0.05928282/0.1214881/-0.230726/-0.03948949/0.9864415/-0.1592915/1.260816/-0.1292841/0.1530319/0.979728/-0.2110616/2147483648/0/0/0/0/0/0/0/0/0/0/0/Vr Camera (eye)
(2147483648) # (1.509999) # 0.9908067/0.05893245/0.1217747/-0.2307507/-0.03896614/0.9863031/-0.1602741/1.260946/-0.1295522/0.1540556/0.9795321/-0.2109658/2147483648/0/0/0/0/0/0/0/0/0/0/0/Vr Camera (eye)
(2147483648) # (1.519999) # 0.9908362/0.05881783/0.1215899/-0.230728/-0.03883627/0.9862531/-0.1606127/1.261123/-0.1293653/0.1544187/0.9794996/-0.210826/2147483648/0/0/0/0/0/0/0/0/0/0/0/Vr Camera (eye)
(2147483648) # (1.529999) # 0.9908345/0.05913683/0.1214484/-0.2306308/-0.03917189/0.9862348/-0.1606439/1.261241/-0.1292765/0.1544141/0.979512/-0.2108713/2147483648/0/0/0/0/0/0/0/0/0/0/0/Vr Camera (eye)
(2147483648) # (1.539999) # 0.9909217/0.05919848/0.1207053/-0.2305443/-0.03933194/0.9862062/-0.1607804/1.261316/-0.1285582/0.1545732/0.9795815/-0.2109636/2147483648/0/0/0/0/0/0/0/0/0/0/0/Vr Camera (eye)
(2147483648) # (1.549999) # 0.9909959/0.05967458/0.1198585/-0.2304488/-0.03990243/0.9861379/-0.1610583/1.261329/-0.1278082/0.1548255/0.9796398/-0.2109822/2147483648/0/0/0/0/0/0/0/0/0/0/0/Vr Camera (eye)
(2147483648) # (1.559999) # 0.991084/0.05953019/0.1191994/-0.230424/-0.03992579/0.9862166/-0.1605699/1.26126/-0.1271152/0.1543791/0.9798004/-0.2111284/2147483648/0/0/0/0/0/0/0/0/0/0/0/Vr Camera (eye)
(2147483648) # (1.569999) # 0.9911287/0.05934931/0.1189188/-0.2304074/-0.03992126/0.9863817/-0.159554/1.261198/-0.1267687/0.1533911/0.9800004/-0.2111/2147483648/0/0/0/0/0/0/0/0/0/0/0/Vr Camera (eye)
(2147483648) # (1.579999) # 0.9910957/0.05918705/0.1192735/-0.2303733/-0.0397698/0.9864691/-0.1590506/1.261211/-0.1270733/0.1528909/0.9800392/-0.211018/2147483648/0/0/0/0/0/0/0/0/0/0/0/Vr Camera (eye)
(2147483648) # (1.589999) # 0.9910446/0.05955454/0.119515/-0.2304862/-0.04003358/0.9863783/-0.1595468/1.261306/-0.1273887/0.1533334/0.979929/-0.2111317/2147483648/0/0/0/0/0/0/0/0/0/0/0/Vr Camera (eye)
(2147483648) # (1.599999) # 0.9909467/0.05988304/0.1201608/-0.2305022/-0.04016354/0.9862534/-0.1602845/1.261362/-0.1281074/0.1540073/0.9797297/-0.2111059/2147483648/0/0/0/0/0/0/0/0/0/0/0/Vr Camera (eye)
(2147483648) # (1.609999) # 0.9908655/0.06001815/0.1207615/-0.2305695/-0.04012974/0.9861627/-0.1608499/1.261463/-0.1287445/0.1545345/0.9795631/-0.2110397/2147483648/0/0/0/0/0/0/0/0/0/0/0/Vr Camera (eye)
(2147483648) # (1.619999) # 0.9907506/0.06024279/0.1215892/-0.2306057/-0.04014075/0.9860602/-0.1614744/1.261485/-0.1296219/0.1551002/0.979358/-0.2109739/2147483648/0/0/0/0/0/0/0/0/0/0/0/Vr Camera (eye)
(2147483648) # (1.629999) # 0.9906204/0.060849/0.1223466/-0.2305477/-0.04066318/0.986086/-0.1611861/1.261453/-0.1304523/0.1546992/0.9793112/-0.2109872/2147483648/0/0/0/0/0/0/0/0/0/0/0/Vr Camera (eye)
(2147483648) # (1.639999) # 0.9905311/0.06287503/0.1220446/-0.2305255/-0.04276361/0.9860415/-0.1609141/1.2615/-0.1304586/0.1541714/0.9793936/-0.2109708/2147483648/0/0/0/0/0/0/0/0/0/0/0/Vr Camera (eye)
(2147483648) # (1.649999) # 0.9905443/0.0622586/0.1222538/-0.230542/-0.04209303/0.9860408/-0.1610953/1.261592/-0.1305767/0.154426/0.9793377/-0.2109193/2147483648/0/0/0/0/0/0/0/0/0/0/0/Vr Camera (eye)
(2147483648) # (1.659999) # 0.9905346/0.06227474/0.1223236/-0.2304146/-0.04200726/0.9859329/-0.1617763/1.261558/-0.1306775/0.1551065/0.9792168/-0.2107855/2147483648/0/0/0/0/0/0/0/0/0/0/0/Vr Camera (eye)
(2147483648) # (1.669999) # 0.9904087/0.06170897/0.1236226/-0.2305528/-0.0411154/0.9858193/-0.1626956/1.2617/-0.1319092/0.1560523/0.9789012/-0.210699/2147483648/0/0/0/0/0/0/0/0/0/0/0/Vr Camera (eye)
(2147483648) # (1.679999) # 0.9902371/0.0619936/0.1248485/-0.2306898/-0.04117372/0.9857798/-0.1629198/1.261745/-0.1331731/0.1561888/0.9787083/-0.2106713/2147483648/0/0/0/0/0/0/0/0/0/0/0/Vr Camera (eye)
(2147483648) # (1.689999) # 0.9900468/0.06228637/0.1262049/-0.2307003/-0.04127589/0.985807/-0.1627295/1.261699/-0.1345495/0.1559006/0.9785661/-0.2106301/2147483648/0/0/0/0/0/0/0/0/0/0/0/Vr Camera (eye)
(2147483648) # (1.699999) # 0.9898837/0.06245442/0.1273963/-0.2307105/-0.04119691/0.985742/-0.1631428/1.261739/-0.1357689/0.156244/0.9783428/-0.2105705/2147483648/0/0/0/0/0/0/0/0/0/0/0/Vr Camera (eye)
(2147483648) # (1.709999) # 0.9897937/0.06315596/0.1277488/-0.230676/-0.04180691/0.9856775/-0.1633768/1.261727/-0.1362374/0.1563686/0.9782578/-0.2107276/2147483648/0/0/0/0/0/0/0/0/0/0/0/Vr Camera (eye)
(2147483648) # (1.719999) # 0.9896743/0.06281201/0.1288386/-0.2306243/-0.04134754/0.9857638/-0.1629729/1.261721/-0.1372411/0.1559629/0.9781822/-0.2108206/2147483648/0/0/0/0/0/0/0/0/0/0/0/Vr Camera (eye)
(2147483648) # (1.729999) # 0.98946/0.06319065/0.1302914/-0.2304972/-0.04156366/0.9858357/-0.1624822/1.261658/-0.1387132/0.1553542/0.9780715/-0.2109815/2147483648/0/0/0/0/0/0/0/0/0/0/0/Vr Camera (eye)
(2147483648) # (1.739999) # 0.9892365/0.06432186/0.1314301/-0.230322/-0.04252223/0.9858081/-0.1624016/1.261606/-0.1400108/0.1550649/0.9779325/-0.2110289/2147483648/0/0/0/0/0/0/0/0/0/0/0/Vr Camera (eye)
(2147483648) # (1.749999) # 0.9889678/0.06502917/0.1330938/-0.230104/-0.0430602/0.9858934/-0.1617407/1.261541/-0.1417342/0.1542253/0.977817/-0.2113479/2147483648/0/0/0/0/0/0/0/0/0/0/0/Vr Camera (eye)
(2147483648) # (1.759999) # 0.9886879/0.06677079/0.1343058/-0.2296538/-0.04458669/0.9858037/-0.1618736/1.261508/-0.1432076/0.1540542/0.9776292/-0.2117316/2147483648/0/0/0/0/0/0/0/0/0/0/0/Vr Camera (eye)
(2147483648) # (1.769999) # 0.988408/0.0681707/0.1356552/-0.2290363/-0.045786/0.9857656/-0.1617709/1.261389/-0.1447523/0.1536845/0.9774599/-0.2120775/2147483648/0/0/0/0/0/0/0/0/0/0/0/Vr Camera (eye)
(2147483648) # (1.779999) # 0.9875423/0.0680946/0.1418561/-0.2287102/-0.04453489/0.9856066/-0.1630834/1.261616/-0.1509194/0.1547343/0.976361/-0.2123863/2147483648/0/0/0/0/0/0/0/0/0/0/0/Vr Camera (eye)
(2147483648) # (1.789999) # 0.9851388/0.06950261/0.1570698/-0.2285072/-0.04273086/0.9848939/-0.1678036/1.262068/-0.1663599/0.1585981/0.9732271/-0.2128242/2147483648/0/0/0/0/0/0/0/0/0/0/0/Vr Camera (eye)
(2147483648) # (1.799999) # 0.9815303/0.07636607/0.175404/-0.2281786/-0.04563837/0.98387/-0.1729654/1.262578/-0.1857834/0.1617656/0.9691833/-0.213389/2147483648/0/0/0/0/0/0/0/0/0/0/0/Vr Camera (eye)
(2147483648) # (1.809999) # 0.9770679/0.08499342/0.1952291/-0.2272704/-0.05004721/0.9828621/-0.1774186/1.262902/-0.2069628/0.1635794/0.9645767/-0.2140201/2147483648/0/0/0/0/0/0/0/0/0/0/0/Vr Camera (eye)
(2147483648) # (1.819999) # 0.9718221/0.09442824/0.2159745/-0.2260578/-0.0547863/0.9816462/-0.1826723/1.263328/-0.22926/0.1656926/0.9591589/-0.2146748/2147483648/0/0/0/0/0/0/0/0/0/0/0/Vr Camera (eye)
(2147483648) # (1.829999) # 0.9660572/0.1036937/0.2366031/-0.2244328/-0.05927693/0.9804438/-0.1876601/1.263644/-0.2514352/0.1672653/0.9533114/-0.2157658/2147483648/0/0/0/0/0/0/0/0/0/0/0/Vr Camera (eye)
(2147483648) # (1.839999) # 0.961275/0.1150592/0.2504233/-0.222311/-0.067581/0.9793478/-0.1905535/1.264172/-0.2671764/0.1662504/0.9491984/-0.2173148/2147483648/0/0/0/0/0/0/0/0/0/0/0/Vr Camera (eye)
(2147483648) # (1.849999) # 0.956459/0.123151/0.2646129/-0.2200325/-0.07208813/0.9782115/-0.1946934/1.264638/-0.282824/0.1671408/0.944497/-0.2191685/2147483648/0/0/0/0/0/0/0/0/0/0/0/Vr Camera (eye)
(2147483648) # (1.859999) # 0.9516738/0.1292967/0.2785666/-0.2177134/-0.07565726/0.9778053/-0.1953785/1.264917/-0.2976457/0.164861/0.940334/-0.2209517/2147483648/0/0/0/0/0/0/0/0/0/0/0/Vr Camera (eye)
(2147483648) # (1.869999) # 0.9473422/0.1340377/0.2908209/-0.2153272/-0.07902672/0.977951/-0.1933045/1.264716/-0.3103186/0.1601429/0.9370468/-0.2228268/2147483648/0/0/0/0/0/0/0/0/0/0/0/Vr Camera (eye)
(2147483648) # (1.879999) # 0.9420792/0.1366032/0.3063108/-0.2128878/-0.08003352/0.9784748/-0.190215/1.263959/-0.3257014/0.1546824/0.9327336/-0.2246214/2147483648/0/0/0/0/0/0/0/0/0/0/0/Vr Camera (eye)
(2147483648) # (1.889999) # 0.9359894/0.1397736/0.3230901/-0.2107275/-0.08097044/0.9786686/-0.188816/1.263296/-0.3425896/0.150569/0.927341/-0.2262772/2147483648/0/0/0/0/0/0/0/0/0/0/0/Vr Camera (eye)
(2147483648) # (1.899999) # 0.9285436/0.1434083/0.3424047/-0.208077/-0.08095016/0.9783918/-0.1902537/1.262517/-0.36229/0.1489411/0.9200883/-0.2278992/2147483648/0/0/0/0/0/0/0/0/0/0/0/Vr Camera (eye)
(2147483648) # (1.909999) # 0.9207443/0.1495665/0.3603605/-0.204774/-0.08369935/0.9778222/-0.1919848/1.261749/-0.381083/0.146607/0.9128429/-0.2292475/2147483648/0/0/0/0/0/0/0/0/0/0/0/Vr Camera (eye)
(2147483648) # (1.919999) # 0.9126763/0.1565962/0.3774911/-0.2007555/-0.08862799/0.9775348/-0.1912351/1.260857/-0.3989574/0.1410795/0.9060516/-0.2306825/2147483648/0/0/0/0/0/0/0/0/0/0/0/Vr Camera (eye)
(2147483648) # (1.929999) # 0.9053738/0.1657894/0.3909121/-0.1962109/-0.09571607/0.9766161/-0.1925082/1.260403/-0.4136868/0.1368752/0.9000713/-0.2322196/2147483648/0/0/0/0/0/0/0/0/0/0/0/Vr Camera (eye)
(2147483648) # (1.939999) # 0.8987334/0.1749675/0.4020754/-0.1912469/-0.1027229/0.9754367/-0.1948619/1.260157/-0.4262936/0.1338266/0.8946307/-0.2340106/2147483648/0/0/0/0/0/0/0/0/0/0/0/Vr Camera (eye)
(2147483648) # (1.949998) # 0.8924266/0.1838861/0.4120204/-0.1860954/-0.1090853/0.9740248/-0.1984343/1.260046/-0.4378073/0.1321426/0.8893048/-0.2356626/2147483648/0/0/0/0/0/0/0/0/0/0/0/Vr Camera (eye)
(2147483648) # (1.959998) # 0.885993/0.1945534/0.4209102/-0.1810058/-0.1164447/0.9719867/-0.2041627/1.259991/-0.4488397/0.131874/0.8838282/-0.2373716/2147483648/0/0/0/0/0/0/0/0/0/0/0/Vr Camera (eye)
(2147483648) # (1.969998) # 0.878987/0.2053981/0.430341/-0.1759978/-0.1233533/0.9696987/-0.2108754/1.259731/-0.4606145/0.1322727/0.8776891/-0.2389895/2147483648/0/0/0/0/0/0/0/0/0/0/0/Vr Camera (eye)
